MCO_data_requests/covino_4_2_2020/subwatershed_outputs/deadhorse_dem_utm_10m.asc
NCOLS 351 
NROWS 164 
XLLCORNER 419971.519902415 
YLLCORNER 4416567.22541033 
CELLSIZE 10 
NODATA_value -3.4e+38 
[rows 21 to 41 of 164, columns 141 to 187 of 351]
3241.75244140625 3238.44458007812 3234.51684570312 3230.953125 3228.15844726562 3225.591796875 3222.69653320312 3219.57299804688 3216.70874023438 3213.8388671875 3210.71020507812 3208.1025390625 3206.46508789062 3205.29858398438 3204.25854492188 3203.357421875 3202.65625 3201.87744140625 3201.06884765625 3200.35766601562 3199.677734375 3198.86010742188 3198.02807617188 3197.25341796875 3196.38989257812 3195.21337890625 3193.78198242188 3192.38549804688 3190.8359375 3188.82641601562 3186.72631835938 3184.68798828125 3182.39770507812 3179.72265625 3176.97338867188 3174.36767578125 3171.68334960938 3169.35620117188 3167.470703125 3165.609375 3163.21069335938 3160.56787109375 3158.04760742188 3155.45849609375 3152.34130859375 3149.0361328125 3146.42163085938
3237.75390625 3234.32080078125 3231.1025390625 3228.3154296875 3225.95361328125 3223.6689453125 3220.888671875 3217.62939453125 3214.6240234375 3211.66674804688 3208.71240234375 3206.49780273438 3205.01049804688 3203.72998046875 3202.56982421875 3201.603515625 3200.84790039062 3200.10815429688 3199.38012695312 3198.71044921875 3197.98999023438 3197.13745117188 3196.21850585938 3195.33618164062 3194.33251953125 3193.0517578125 3191.60205078125 3190.15063476562 3188.49536132812 3186.4677734375 3184.44287109375 3182.48754882812 3180.24365234375 3177.63818359375 3174.97924804688 3172.54443359375 3170.25463867188 3168.26733398438 3166.56201171875 3164.85961914062 3162.95947265625 3160.98681640625 3158.95874023438 3155.84326171875 3151.33032226562 3147.76635742188 3145.17309570312
3233.9150390625 3231.01123046875 3228.4013671875 3225.91674804688 3223.75366210938 3221.64501953125 3218.892578125 3215.5859375 3212.5244140625 3209.6455078125 3206.97143554688 3204.94482421875 3203.43383789062 3201.99340820312 3200.720703125 3199.794921875 3199.11645507812 3198.39916992188 3197.69580078125 3197.04223632812 3196.28149414062 3195.33276367188 3194.30004882812 3193.31713867188 3192.23071289062 3190.89038085938 3189.39404296875 3187.92919921875 3186.26684570312 3184.28759765625 3182.28442382812 3180.38134765625 3178.20556640625 3175.69775390625 3173.21215820312 3171.03881835938 3169.0625 3167.22631835938 3165.61840820312 3164.17626953125 3162.70654296875 3161.20336914062 3159.35375976562 3155.6591796875 3150.17749023438 3146.39868164062 3143.87133789062
3231.435546875 3228.71240234375 3226.1083984375 3223.69384765625 3221.5849609375 3219.3798828125 3216.55712890625 3213.43408203125 3210.62768554688 3207.900390625 3205.36645507812 3203.23022460938 3201.43505859375 3199.93237304688 3198.80615234375 3197.97192382812 3197.26489257812 3196.572265625 3195.89379882812 3195.19799804688 3194.4248046875 3193.44873046875 3192.3564453125 3191.310546875 3190.17431640625 3188.76538085938 3187.25756835938 3185.81860351562 3184.18920898438 3182.26196289062 3180.3466796875 3178.46240234375 3176.31079101562 3173.919921875 3171.61010742188 3169.708984375 3167.89404296875 3166.12744140625 3164.5751953125 3163.27416992188 3161.91333007812 3160.52270507812 3158.38452148438 3154.13696289062 3148.69506835938 3145.06689453125 3142.5478515625
3229.83642578125 3226.90478515625 3224.06201171875 3221.5283203125 3219.34448242188 3217.14965820312 3214.42065429688 3211.49926757812 3208.87744140625 3206.2861328125 3203.69799804688 3201.30615234375 3199.29663085938 3197.75903320312 3196.75854492188 3196.02954101562 3195.390625 3194.72509765625 3194.00463867188 3193.298828125 3192.53002929688 3191.51733398438 3190.35864257812 3189.29956054688 3188.15063476562 3186.72094726562 3185.21899414062 3183.78540039062 3182.21044921875 3180.39453125 3178.490234375 3176.64721679688 3174.60424804688 3172.3408203125 3170.25122070312 3168.48071289062 3166.66748046875 3164.9287109375 3163.48168945312 3162.17919921875 3160.7470703125 3158.94848632812 3156.10717773438 3151.6884765625 3146.92553710938 3143.86938476562 3141.37133789062
3228.19311523438 3224.95825195312 3221.80688476562 3219.3056640625 3217.22778320312 3215.07080078125 3212.4384765625 3209.71020507812 3207.17846679688 3204.57470703125 3201.87939453125 3199.38525390625 3197.24291992188 3195.64038085938 3194.81982421875 3194.18115234375 3193.57104492188 3192.87768554688 3192.08764648438 3191.39233398438 3190.59545898438 3189.54614257812 3188.45288085938 3187.43774414062 3186.251953125 3184.77612304688 3183.27758789062 3181.8720703125 3180.3212890625 3178.529296875 3176.71948242188 3174.99829101562 3173.06567382812 3170.91552734375 3168.9580078125 3167.23486328125 3165.431640625 3163.69750976562 3162.28735351562 3160.93310546875 3159.162109375 3156.61010742188 3153.30541992188 3149.26806640625 3145.41870117188 3142.71069335938 3140.36669921875
3226.51196289062 3223.0439453125 3219.7158203125 3217.22387695312 3215.2275390625 3213.17333984375 3210.70629882812 3208.08837890625 3205.54443359375 3202.86572265625 3200.13696289062 3197.64477539062 3195.67358398438 3194.17822265625 3193.14770507812 3192.44189453125 3191.8076171875 3191.09008789062 3190.29638671875 3189.53051757812 3188.70141601562 3187.6826171875 3186.62573242188 3185.62963867188 3184.4208984375 3182.92944335938 3181.43823242188 3180.04248046875 3178.51147460938 3176.7587890625 3175.03295898438 3173.36962890625 3171.47412109375 3169.466796875 3167.611328125 3165.89013671875 3164.05444335938 3162.35546875 3160.9443359375 3159.41235351562 3157.10717773438 3154.078125 3150.77075195312 3147.32421875 3144.21020507812 3141.63940429688 3139.4814453125
3225.02685546875 3221.68017578125 3218.30029296875 3215.51220703125 3213.365234375 3211.30444335938 3208.97924804688 3206.41772460938 3203.80419921875 3201.07104492188 3198.35864257812 3196.08618164062 3194.3740234375 3192.8798828125 3191.70678710938 3190.86547851562 3190.11694335938 3189.28955078125 3188.49487304688 3187.73706054688 3186.94213867188 3185.94018554688 3184.86181640625 3183.79541015625 3182.55688476562 3181.10961914062 3179.65625 3178.2978515625 3176.79760742188 3175.10913085938 3173.38452148438 3171.71215820312 3169.84448242188 3167.9189453125 3166.12939453125 3164.41577148438 3162.61279296875 3160.9091796875 3159.3623046875 3157.5166015625 3154.84033203125 3151.70263671875 3148.64013671875 3145.73291015625 3143.03002929688 3140.61450195312 3138.55810546875
3223.67529296875 3220.46142578125 3216.98510742188 3213.93383789062 3211.52783203125 3209.3134765625 3206.93359375 3204.39624023438 3201.90966796875 3199.26977539062 3196.70434570312 3194.65405273438 3193.04223632812 3191.587890625 3190.30249023438 3189.22680664062 3188.37133789062 3187.54614257812 3186.755859375 3186.00952148438 3185.232421875 3184.2021484375 3183.04418945312 3181.90454101562 3180.66772460938 3179.31323242188 3177.92651367188 3176.6142578125 3175.16040039062 3173.4990234375 3171.767578125 3170.08447265625 3168.22485351562 3166.28588867188 3164.53198242188 3162.89331054688 3161.13452148438 3159.31469726562 3157.49487304688 3155.380859375 3152.5966796875 3149.56616210938 3146.81713867188 3144.296875 3141.79150390625 3139.47387695312 3137.45190429688
3222.46826171875 3219.20947265625 3215.37841796875 3211.97119140625 3209.50122070312 3207.19750976562 3204.73681640625 3202.26586914062 3199.96337890625 3197.50244140625 3195.11352539062 3193.20947265625 3191.64111328125 3190.06396484375 3188.62255859375 3187.55322265625 3186.72216796875 3185.85375976562 3184.97387695312 3184.20532226562 3183.35693359375 3182.27001953125 3181.08544921875 3179.95263671875 3178.75732421875 3177.44189453125 3176.13452148438 3174.93139648438 3173.56079101562 3171.92065429688 3170.14135742188 3168.41772460938 3166.52001953125 3164.5771484375 3162.91455078125 3161.33129882812 3159.47045898438 3157.41918945312 3155.41455078125 3153.205078125 3150.51147460938 3147.72827148438 3145.2353515625 3142.857421875 3140.45043945312 3138.2412109375 3136.18115234375
3221.1884765625 3217.65966796875 3213.39526367188 3209.7626953125 3207.27856445312 3204.99047851562 3202.5712890625 3200.2880859375 3198.1123046875 3195.77783203125 3193.58447265625 3191.70361328125 3190.041015625 3188.33666992188 3186.88940429688 3185.85815429688 3185.01977539062 3184.08056640625 3183.10961914062 3182.22436523438 3181.28857421875 3180.20703125 3179.07177734375 3177.97973632812 3176.83374023438 3175.5234375 3174.2529296875 3173.12280273438 3171.83544921875 3170.2431640625 3168.42578125 3166.63110351562 3164.71069335938 3162.84204101562 3161.24609375 3159.6171875 3157.578125 3155.32983398438 3153.23583984375 3151.0263671875 3148.51391601562 3146.0185546875 3143.74096679688 3141.38012695312 3139.01538085938 3136.90185546875 3134.701171875
3219.49145507812 3215.75024414062 3211.35815429688 3207.69702148438 3205.15600585938 3202.77368164062 3200.40087890625 3198.25512695312 3196.26440429688 3194.10693359375 3191.92602539062 3190.04711914062 3188.37719726562 3186.62573242188 3185.07202148438 3183.98999023438 3183.07641601562 3182.0390625 3181.00073242188 3180.064453125 3179.10034179688 3178.03784179688 3176.9853515625 3175.9853515625 3174.85864257812 3173.57299804688 3172.3408203125 3171.17309570312 3169.81665039062 3168.23022460938 3166.49682617188 3164.7578125 3162.86791992188 3161.0263671875 3159.38671875 3157.61596679688 3155.43823242188 3153.1474609375 3151.0419921875 3148.83081054688 3146.44555664062 3144.18310546875 3142.05126953125 3139.78564453125 3137.48291015625 3135.2939453125 3132.90014648438
3217.21850585938 3213.50634765625 3209.50439453125 3205.90014648438 3203.0751953125 3200.48901367188 3198.08715820312 3196.02465820312 3194.2451171875 3192.21459960938 3190.11840820312 3188.36596679688 3186.75463867188 3184.96655273438 3183.26196289062 3182.02587890625 3180.97338867188 3179.81616210938 3178.69091796875 3177.74365234375 3176.82836914062 3175.83374023438 3174.8818359375 3173.9912109375 3172.89892578125 3171.60009765625 3170.32763671875 3169.07055664062 3167.60205078125 3165.98120117188 3164.37817382812 3162.79638671875 3160.9921875 3159.02514648438 3157.18139648438 3155.27270507812 3153.0634765625 3150.88745117188 3148.87719726562 3146.69262695312 3144.36938476562 3142.228515625 3140.24365234375 3138.10791015625 3135.80078125 3133.37524414062 3130.8154296875
3214.73046875 3211.10131835938 3207.31640625 3203.78442382812 3200.77197265625 3198.09375 3195.734375 3193.76098632812 3192.0263671875 3190.109375 3188.20092773438 3186.62548828125 3185.08032226562 3183.275390625 3181.48022460938 3180.05615234375 3178.78100585938 3177.42749023438 3176.25512695312 3175.33764648438 3174.45532226562 3173.53491210938 3172.68359375 3171.90356445312 3170.85986328125 3169.4892578125 3168.18920898438 3166.89331054688 3165.3681640625 3163.73461914062 3162.2236328125 3160.74243164062 3158.88208007812 3156.67016601562 3154.6279296875 3152.64306640625 3150.53271484375 3148.58764648438 3146.72412109375 3144.59545898438 3142.31298828125 3140.24194335938 3138.41015625 3136.35791015625 3133.90893554688 3131.30541992188 3128.68286132812
3212.02709960938 3208.48266601562 3204.6982421875 3201.09423828125 3198.1279296875 3195.56982421875 3193.35815429688 3191.44213867188 3189.65234375 3187.8408203125 3186.18334960938 3184.7783203125 3183.30029296875 3181.46923828125 3179.61791992188 3178.04077148438 3176.4580078125 3174.88012695312 3173.72314453125 3172.8681640625 3172.02783203125 3171.1865234375 3170.35522460938 3169.57250976562 3168.54614257812 3167.2216796875 3165.974609375 3164.67358398438 3163.11889648438 3161.49951171875 3159.99365234375 3158.388671875 3156.21606445312 3153.81030273438 3151.75244140625 3149.7802734375 3147.82543945312 3146.08276367188 3144.38330078125 3142.3623046875 3140.17822265625 3138.22216796875 3136.47485351562 3134.39624023438 3131.78564453125 3129.09765625 3126.50219726562
3209.2333984375 3205.81005859375 3201.94287109375 3198.26538085938 3195.43798828125 3193.09912109375 3190.89233398438 3188.93969726562 3187.21142578125 3185.51782226562 3183.98364257812 3182.70849609375 3181.31762695312 3179.51171875 3177.6357421875 3175.97778320312 3174.21215820312 3172.44287109375 3171.2470703125 3170.45532226562 3169.64990234375 3168.80004882812 3167.91552734375 3167.05688476562 3166.04052734375 3164.8662109375 3163.69384765625 3162.43237304688 3160.87890625 3159.19189453125 3157.4736328125 3155.50244140625 3152.99658203125 3150.56127929688 3148.61865234375 3146.81982421875 3145.005859375 3143.33349609375 3141.72290039062 3139.91088867188 3137.97387695312 3136.12890625 3134.3076171875 3132.07592773438 3129.42065429688 3126.79858398438 3124.24877929688
3206.2119140625 3202.99340820312 3199.27612304688 3195.86791992188 3193.1875 3190.68530273438 3188.310546875 3186.34350585938 3184.70922851562 3183.18627929688 3181.7509765625 3180.53784179688 3179.21630859375 3177.4873046875 3175.6845703125 3174.01098632812 3172.2353515625 3170.4111328125 3169.10205078125 3168.22265625 3167.30517578125 3166.3388671875 3165.38623046875 3164.5009765625 3163.51196289062 3162.43432617188 3161.38305664062 3160.21264648438 3158.5830078125 3156.6455078125 3154.63891601562 3152.37109375 3149.65649414062 3147.29736328125 3145.5947265625 3143.97583007812 3142.2314453125 3140.52905273438 3138.95971679688 3137.3271484375 3135.63745117188 3133.8671875 3131.9453125 3129.60693359375 3127.00439453125 3124.49047851562 3121.98828125
3203.32373046875 3200.28686523438 3196.88549804688 3193.77807617188 3191.07373046875 3188.31958007812 3185.79370117188 3183.89013671875 3182.38110351562 3180.95751953125 3179.6171875 3178.41796875 3177.14672851562 3175.537109375 3173.82397460938 3172.17919921875 3170.43701171875 3168.67260742188 3167.24194335938 3166.08447265625 3164.90063476562 3163.80810546875 3162.84008789062 3161.9580078125 3160.9755859375 3159.9501953125 3158.95727539062 3157.7939453125 3156.03735351562 3153.87353515625 3151.755859375 3149.39501953125 3146.72875976562 3144.49633789062 3142.84228515625 3141.18237304688 3139.41137695312 3137.720703125 3136.24365234375 3134.720703125 3133.11157226562 3131.4033203125 3129.49560546875 3127.21240234375 3124.68896484375 3122.255859375 3119.83032226562
3200.68310546875 3197.87524414062 3194.67944335938 3191.70581054688 3188.9658203125 3186.0703125 3183.48217773438 3181.75317382812 3180.31494140625 3178.86596679688 3177.53759765625 3176.38989257812 3175.19873046875 3173.71484375 3172.03881835938 3170.40234375 3168.68896484375 3166.9384765625 3165.36401367188 3163.93627929688 3162.49584960938 3161.25952148438 3160.32666015625 3159.45483398438 3158.42846679688 3157.36694335938 3156.31958007812 3155.10302734375 3153.33056640625 3151.19189453125 3149.06201171875 3146.80908203125 3144.41455078125 3142.18994140625 3140.2666015625 3138.35888671875 3136.57104492188 3135.03491210938 3133.6767578125 3132.17114257812 3130.49145507812 3128.79516601562 3127.00219726562 3124.86499023438 3122.46264648438 3120.0791015625 3117.681640625
3198.15771484375 3195.58154296875 3192.59350585938 3189.67626953125 3186.9609375 3184.11352539062 3181.55346679688 3179.82275390625 3178.32397460938 3176.7802734375 3175.4462890625 3174.35815429688 3173.25805664062 3171.89233398438 3170.25561523438 3168.59936523438 3166.869140625 3165.0869140625 3163.42236328125 3161.87866210938 3160.26025390625 3158.86645507812 3157.91772460938 3157.0185546875 3155.91088867188 3154.72973632812 3153.61547851562 3152.36279296875 3150.64794921875 3148.66943359375 3146.65454101562 3144.57055664062 3142.29223632812 3139.99682617188 3137.87255859375 3135.75219726562 3134.04321289062 3132.69140625 3131.36328125 3129.787109375 3128.02954101562 3126.29760742188 3124.55810546875 3122.474609375 3120.12744140625 3117.87573242188 3115.58837890625
3195.58935546875 3193.19799804688 3190.45874023438 3187.72631835938 3185.09643554688 3182.31127929688 3179.73559570312 3177.80883789062 3176.17309570312 3174.60375976562 3173.30590820312 3172.24194335938 3171.13647460938 3169.8330078125 3168.31494140625 3166.71459960938 3164.95581054688 3163.17602539062 3161.53686523438 3159.97338867188 3158.26342773438 3156.74755859375 3155.66333007812 3154.65600585938 3153.44067382812 3152.154296875 3150.96630859375 3149.69482421875 3148.11669921875 3146.38842773438 3144.55712890625 3142.54296875 3140.26489257812 3137.99755859375 3135.8876953125 3133.77905273438 3132.0703125 3130.64135742188 3129.17895507812 3127.46411132812 3125.68505859375 3123.93896484375 3122.16748046875 3120.005859375 3117.6806640625 3115.5712890625 3113.42749023438
