MCO_data_requests/covino_4_2_2020/subwatershed_outputs/deadhorse_dem_utm_10m.asc
NCOLS 351 
NROWS 164 
XLLCORNER 419971.519902415 
YLLCORNER 4416567.22541033 
CELLSIZE 10 
NODATA_value -3.4e+38 
[rows 63 to 83 of 164, columns 47 to 93 of 351]
3289.71875 3286.98193359375 3284.41235351562 3281.57348632812 3278.49609375 3275.61450195312 3273.0048828125 3270.3955078125 3268.37109375 3266.93823242188 3265.39965820312 3263.76025390625 3262.24047851562 3260.77758789062 3259.29296875 3257.73486328125 3254.5263671875 3248.80249023438 3242.7548828125 3237.83276367188 3233.87890625 3231.15283203125 3228.79174804688 3226.20263671875 3223.81567382812 3221.64672851562 3219.9150390625 3218.87939453125 3218.22729492188 3217.60083007812 3216.65405273438 3215.68603515625 3215.00634765625 3214.31567382812 3213.62280273438 3212.99731445312 3212.36474609375 3211.59887695312 3210.7509765625 3209.85961914062 3208.90087890625 3206.79028320312 3203.12939453125 3199.5556640625 3196.24047851562 3193.19775390625 3190.57666015625
3288.01123046875 3285.34692382812 3282.78540039062 3280.01196289062 3277.15600585938 3274.39624023438 3271.66040039062 3269.1962890625 3267.58203125 3266.30004882812 3264.90649414062 3263.43603515625 3261.947265625 3260.43774414062 3258.7216796875 3256.35400390625 3251.81005859375 3245.91015625 3240.86083984375 3236.13208007812 3232.50415039062 3230.23413085938 3227.99365234375 3225.37353515625 3223.0224609375 3221.08862304688 3219.47192382812 3218.44995117188 3217.71997070312 3217.0791015625 3216.1533203125 3215.09936523438 3214.38037109375 3213.66235351562 3212.95703125 3212.37719726562 3211.77465820312 3211.00659179688 3210.14428710938 3209.23754882812 3207.98217773438 3205.30346679688 3201.39624023438 3197.83471679688 3194.72265625 3191.861328125 3189.2861328125
3286.31201171875 3283.56616210938 3281.13427734375 3278.75268554688 3275.94287109375 3272.96997070312 3270.24853515625 3268.15747070312 3266.791015625 3265.69213867188 3264.56079101562 3263.17504882812 3261.67749023438 3260.19775390625 3258.46850585938 3255.48095703125 3250.267578125 3244.818359375 3240.13842773438 3235.56713867188 3232.26440429688 3230.02978515625 3227.6015625 3225.17553710938 3223.11254882812 3221.32080078125 3219.70483398438 3218.53857421875 3217.61303710938 3216.76391601562 3215.90356445312 3214.8603515625 3213.85083007812 3213.03125 3212.31323242188 3211.77026367188 3211.18603515625 3210.42529296875 3209.51928710938 3208.419921875 3206.59594726562 3203.34643554688 3199.46704101562 3196.17553710938 3193.31494140625 3190.52124023438 3187.98657226562
3284.64111328125 3281.9033203125 3279.86450195312 3277.7236328125 3275.00830078125 3271.96997070312 3269.404296875 3267.6328125 3266.43041992188 3265.50048828125 3264.37524414062 3262.9521484375 3261.48583984375 3260.11669921875 3258.48193359375 3255.40161132812 3250.37915039062 3245.35400390625 3240.55126953125 3235.96752929688 3232.79174804688 3230.43286132812 3227.875 3225.49877929688 3223.58666992188 3221.77099609375 3220.07836914062 3218.80541992188 3217.7392578125 3216.72973632812 3215.77319335938 3214.599609375 3213.34008789062 3212.3369140625 3211.607421875 3211.10131835938 3210.51733398438 3209.76025390625 3208.79858398438 3207.28491210938 3204.81469726562 3201.22778320312 3197.53735351562 3194.61303710938 3191.9091796875 3189.15454101562 3186.61474609375
3283.6689453125 3281.07275390625 3279.17626953125 3277.31225585938 3274.96923828125 3272.248046875 3269.92504882812 3268.173828125 3266.8505859375 3265.76171875 3264.50146484375 3262.90771484375 3261.36962890625 3260.03100585938 3258.46997070312 3255.54321289062 3250.86303710938 3246.13818359375 3241.28686523438 3236.70361328125 3233.48901367188 3230.98193359375 3228.474609375 3226.04345703125 3224.03662109375 3222.21337890625 3220.4765625 3219.09497070312 3217.95703125 3216.80224609375 3215.59252929688 3214.18188476562 3212.76171875 3211.53149414062 3210.79565429688 3210.3212890625 3209.7509765625 3208.97143554688 3207.720703125 3205.65844726562 3202.70141601562 3199.0078125 3195.62939453125 3192.9931640625 3190.3779296875 3187.68701171875 3185.12451171875
3283.84985351562 3281.41552734375 3279.65087890625 3277.75805664062 3275.55078125 3273.21362304688 3271.08618164062 3269.16625976562 3267.58325195312 3266.3359375 3264.83056640625 3262.87329101562 3261.13549804688 3259.76782226562 3258.11206054688 3255.24877929688 3250.85327148438 3246.275390625 3241.63403320312 3237.31811523438 3234.11669921875 3231.53784179688 3229.0361328125 3226.55859375 3224.49194335938 3222.62475585938 3220.83349609375 3219.33715820312 3218.16674804688 3216.91625976562 3215.50927734375 3213.85668945312 3212.22119140625 3210.73266601562 3209.85522460938 3209.36889648438 3208.79809570312 3207.7900390625 3205.919921875 3203.451171875 3200.37353515625 3196.81958007812 3193.70874023438 3191.19506835938 3188.68530273438 3186.115234375 3183.50463867188
3285.11083984375 3282.93115234375 3281.11279296875 3279.15209960938 3276.890625 3274.61450195312 3272.47412109375 3270.35205078125 3268.52465820312 3267.01318359375 3265.15869140625 3262.81518554688 3260.794921875 3259.32250976562 3257.3642578125 3254.25830078125 3250.24780273438 3245.98486328125 3241.61376953125 3237.65063476562 3234.49951171875 3231.86791992188 3229.49633789062 3227.11767578125 3225.037109375 3223.0068359375 3221.109375 3219.51904296875 3218.33471679688 3217.10986328125 3215.7509765625 3214.0078125 3212.01977539062 3210.05639648438 3208.78930664062 3208.11352539062 3207.314453125 3205.80688476562 3203.42407226562 3200.87109375 3197.96240234375 3194.71118164062 3191.7578125 3189.2490234375 3186.78588867188 3184.29174804688 3181.595703125
3286.947265625 3284.86157226562 3282.93310546875 3280.9345703125 3278.767578125 3276.41577148438 3273.87426757812 3271.49096679688 3269.47265625 3267.5927734375 3265.38403320312 3262.7333984375 3260.47216796875 3258.76953125 3256.43408203125 3253.0126953125 3249.36474609375 3245.61352539062 3241.5009765625 3237.69897460938 3234.58203125 3231.97021484375 3229.77026367188 3227.619140625 3225.57592773438 3223.39770507812 3221.40551757812 3219.81518554688 3218.74365234375 3217.6904296875 3216.47485351562 3214.78051757812 3212.44848632812 3209.77758789062 3207.87768554688 3206.68505859375 3205.32055664062 3203.12060546875 3200.55883789062 3198.07421875 3195.51416015625 3192.58178710938 3189.646484375 3187.16821289062 3184.69921875 3182.04125976562 3179.2216796875
3289.00244140625 3286.771484375 3284.64233398438 3282.70068359375 3280.61547851562 3278.16015625 3275.2001953125 3272.34887695312 3270.08862304688 3267.94580078125 3265.40209960938 3262.50732421875 3260.06616210938 3258.09301757812 3255.38916015625 3251.84301757812 3248.36743164062 3244.89892578125 3241.12280273438 3237.5283203125 3234.5322265625 3232.00659179688 3229.9384765625 3228.04125976562 3226.15307617188 3223.986328125 3222.03662109375 3220.62084960938 3219.78344726562 3218.94921875 3217.67333984375 3215.8701171875 3213.375 3210.28393554688 3207.8046875 3205.88037109375 3203.576171875 3200.28369140625 3197.60717773438 3195.38500976562 3193.04077148438 3190.25317382812 3187.39208984375 3184.93432617188 3182.34106445312 3179.4833984375 3176.56958007812
3290.96240234375 3288.52294921875 3286.21020507812 3284.14428710938 3282.0732421875 3279.61181640625 3276.26904296875 3272.94458007812 3270.4013671875 3268.06225585938 3265.25024414062 3262.13427734375 3259.51635742188 3257.24389648438 3254.20263671875 3250.5810546875 3247.15893554688 3243.8544921875 3240.41918945312 3237.17407226562 3234.474609375 3232.05444335938 3230.10815429688 3228.46240234375 3226.8564453125 3224.92065429688 3223.20288085938 3222.04028320312 3221.29077148438 3220.4716796875 3219.11596679688 3217.1953125 3214.59814453125 3211.46728515625 3208.66918945312 3206.22387695312 3202.69555664062 3198.01000976562 3195.22924804688 3193.31005859375 3190.77807617188 3187.7041015625 3184.99145507812 3182.58813476562 3179.87573242188 3176.88427734375 3173.91357421875
3292.41235351562 3289.96337890625 3287.4638671875 3285.07983398438 3282.89013671875 3280.38598632812 3276.87524414062 3273.2490234375 3270.541015625 3267.99243164062 3264.88818359375 3261.54052734375 3258.83447265625 3256.27392578125 3252.92846679688 3249.19677734375 3245.89331054688 3242.921875 3239.8466796875 3236.88330078125 3234.4111328125 3232.1591796875 3230.3994140625 3228.9794921875 3227.65161132812 3226.11962890625 3224.68676757812 3223.63159179688 3222.77685546875 3221.8193359375 3220.56079101562 3218.8515625 3216.375 3213.18603515625 3210.08276367188 3207.31225585938 3203.08740234375 3197.5859375 3194.45043945312 3192.38110351562 3189.09594726562 3185.32739257812 3182.83178710938 3180.59350585938 3177.61596679688 3174.283203125 3171.07177734375
3293.5673828125 3291.15649414062 3288.44775390625 3285.64428710938 3283.2314453125 3280.619140625 3277.10717773438 3273.36450195312 3270.51684570312 3267.79833984375 3264.31909179688 3260.72680664062 3257.93408203125 3255.15454101562 3251.61083984375 3247.82470703125 3244.7744140625 3242.265625 3239.61743164062 3236.90551757812 3234.57421875 3232.58715820312 3231.08178710938 3229.81225585938 3228.60107421875 3227.39794921875 3226.189453125 3225.07250976562 3224.12353515625 3223.111328125 3221.96313476562 3220.58715820312 3218.50317382812 3215.37963867188 3212.14013671875 3209.14916992188 3205.00634765625 3199.63891601562 3195.8603515625 3192.99926757812 3188.71728515625 3184.19287109375 3181.72021484375 3179.42529296875 3175.79248046875 3171.88427734375 3168.23266601562
3294.6474609375 3292.22534179688 3289.16577148438 3285.93579101562 3283.37158203125 3280.68139648438 3277.00366210938 3273.0927734375 3270.05834960938 3267.18603515625 3263.53955078125 3259.79321289062 3256.85522460938 3253.9501953125 3250.33715820312 3246.60961914062 3243.90502929688 3241.87158203125 3239.68408203125 3237.37280273438 3235.32763671875 3233.61767578125 3232.19116210938 3230.92797851562 3229.73217773438 3228.6220703125 3227.52221679688 3226.38793945312 3225.48950195312 3224.5078125 3223.33422851562 3222.10595703125 3220.49047851562 3217.79296875 3214.55346679688 3211.44750976562 3207.72875976562 3202.86572265625 3198.57763671875 3195.04272460938 3190.30859375 3185.20166015625 3182.0263671875 3179.26440429688 3175.21923828125 3171.03442382812 3166.94287109375
3295.40283203125 3292.85229492188 3289.54418945312 3285.95263671875 3283.09448242188 3280.3017578125 3276.47631835938 3272.34741210938 3269.10864257812 3266.13525390625 3262.501953125 3258.72778320312 3255.81396484375 3252.9609375 3249.38427734375 3245.8466796875 3243.5126953125 3241.85375976562 3240.0673828125 3238.23193359375 3236.5400390625 3234.9794921875 3233.48999023438 3232.18579101562 3230.95263671875 3229.8056640625 3228.74536132812 3227.76025390625 3226.97680664062 3225.98193359375 3224.78100585938 3223.61474609375 3222.2060546875 3220.0517578125 3217.13330078125 3213.9462890625 3210.26879882812 3205.82348632812 3201.45043945312 3197.71069335938 3193.05737304688 3187.646484375 3183.49047851562 3180.19702148438 3176.26147460938 3172.29467773438 3168.3623046875
3295.81567382812 3293.17456054688 3289.60131835938 3285.55151367188 3282.27856445312 3279.2724609375 3275.4814453125 3271.34936523438 3268.09716796875 3265.1279296875 3261.400390625 3257.73266601562 3255.14306640625 3252.61865234375 3249.26440429688 3245.97119140625 3243.89038085938 3242.35888671875 3240.75073242188 3239.21630859375 3237.81640625 3236.34130859375 3234.78979492188 3233.50366210938 3232.2451171875 3231.04858398438 3230.10375976562 3229.2880859375 3228.517578125 3227.49584960938 3226.35546875 3225.2333984375 3223.83056640625 3221.99096679688 3219.58837890625 3216.5 3212.67626953125 3208.34375 3204.052734375 3200.24536132812 3195.85327148438 3190.47045898438 3185.59741210938 3181.79833984375 3178.01953125 3174.37231445312 3170.97827148438
3295.92578125 3293.16015625 3289.244140625 3284.73706054688 3281.20751953125 3278.04760742188 3274.23022460938 3270.26196289062 3267.375 3264.67895507812 3261.03564453125 3257.66064453125 3255.447265625 3253.19702148438 3250.15063476562 3247.15063476562 3245.14086914062 3243.43432617188 3241.8154296875 3240.35522460938 3239.09228515625 3237.708984375 3236.14501953125 3234.91796875 3233.73657226562 3232.55590820312 3231.67358398438 3230.923828125 3230.146484375 3229.18896484375 3228.1259765625 3227.01171875 3225.5859375 3223.76977539062 3221.67626953125 3218.93481445312 3215.05249023438 3210.59741210938 3206.33056640625 3202.48583984375 3198.34326171875 3193.40258789062 3188.2080078125 3183.85791015625 3179.955078125 3176.38525390625 3173.36791992188
3295.57592773438 3292.54467773438 3288.42651367188 3283.79345703125 3280.28149414062 3277.32763671875 3273.50732421875 3269.68994140625 3267.3173828125 3265.11499023438 3261.99633789062 3259.013671875 3256.87719726562 3254.52026367188 3251.64404296875 3248.96337890625 3246.89697265625 3244.90502929688 3243.12866210938 3241.638671875 3240.40747070312 3239.0908203125 3237.63037109375 3236.50952148438 3235.50048828125 3234.48388671875 3233.62573242188 3232.8203125 3231.9482421875 3231.00341796875 3230.00805664062 3228.966796875 3227.57373046875 3225.61889648438 3223.47338867188 3221.060546875 3217.46557617188 3212.85400390625 3208.46411132812 3204.607421875 3200.56787109375 3196.119140625 3191.189453125 3186.20581054688 3181.82299804688 3178.30908203125 3175.39477539062
3294.83959960938 3291.80493164062 3287.72973632812 3283.17919921875 3280.08374023438 3277.65551757812 3274.263671875 3270.72534179688 3268.51953125 3266.43090820312 3263.73193359375 3261.03857421875 3258.76684570312 3256.27661132812 3253.47631835938 3250.91918945312 3248.77001953125 3246.5927734375 3244.54711914062 3242.9609375 3241.72973632812 3240.49267578125 3239.25830078125 3238.33471679688 3237.54052734375 3236.73583984375 3235.91943359375 3235.15600585938 3234.25805664062 3233.19970703125 3232.09716796875 3231.06201171875 3229.71411132812 3227.68432617188 3225.40161132812 3223.03759765625 3219.78271484375 3215.29931640625 3210.650390625 3206.56225585938 3202.48266601562 3198.16552734375 3193.61352539062 3188.55834960938 3183.76684570312 3180.1298828125 3177.19921875
3294.24267578125 3291.48510742188 3287.85986328125 3283.75708007812 3281.24145507812 3279.26220703125 3276.55004882812 3273.466796875 3270.9404296875 3268.50268554688 3265.78759765625 3263.19116210938 3260.81372070312 3258.25805664062 3255.4970703125 3253.01538085938 3250.82397460938 3248.49243164062 3246.20068359375 3244.33911132812 3243.01513671875 3241.919921875 3240.98413085938 3240.31958007812 3239.765625 3239.22924804688 3238.56201171875 3237.95581054688 3237.20678710938 3236.15014648438 3234.93310546875 3233.70288085938 3232.07421875 3229.88598632812 3227.5810546875 3225.10888671875 3222.05517578125 3217.9189453125 3213.05859375 3208.56860351562 3204.16259765625 3199.68432617188 3195.337890625 3190.63134765625 3185.67114257812 3181.6923828125 3178.7255859375
3294.40307617188 3291.833984375 3288.90185546875 3285.77099609375 3283.64624023438 3281.91943359375 3279.63403320312 3276.85913085938 3274.07666015625 3271.29663085938 3268.31860351562 3265.56201171875 3263.1279296875 3260.46826171875 3257.705078125 3255.31884765625 3253.13549804688 3250.6826171875 3248.19165039062 3246.12255859375 3244.59228515625 3243.55786132812 3242.9296875 3242.49145507812 3242.08227539062 3241.74975585938 3241.46923828125 3241.14575195312 3240.705078125 3239.89770507812 3238.67944335938 3237.11474609375 3234.9326171875 3232.36767578125 3229.96752929688 3227.3759765625 3224.09423828125 3220.12182617188 3215.45678710938 3210.7216796875 3205.83349609375 3201.09643554688 3196.8427734375 3192.34594726562 3187.2177734375 3182.96264648438 3180.02758789062
3295.29809570312 3292.8603515625 3290.42700195312 3288.29321289062 3286.67724609375 3285.29248046875 3283.28540039062 3280.62280273438 3277.875 3274.78564453125 3271.3095703125 3268.2255859375 3265.65600585938 3262.89282226562 3260.14526367188 3257.77368164062 3255.59521484375 3253.15625 3250.68212890625 3248.69921875 3247.06689453125 3245.96264648438 3245.42309570312 3245.05224609375 3244.65600585938 3244.38793945312 3244.4052734375 3244.41967773438 3244.34057617188 3243.88598632812 3243.02734375 3241.427734375 3238.5888671875 3235.47631835938 3232.779296875 3229.92895507812 3226.08740234375 3221.83544921875 3217.49267578125 3212.69213867188 3207.42553710938 3202.56372070312 3198.30151367188 3193.82666015625 3188.59155273438 3184.11889648438 3181.08544921875
