MCO_data_requests/covino_4_2_2020/subwatershed_outputs/deadhorse_flow_accumulation_utm_10m.asc
NCOLS 351 
NROWS 164 
XLLCORNER 419971.519902415 
YLLCORNER 4416567.22541033 
CELLSIZE 10 
NODATA_value -3.4e+38 
[rows 42 to 62 of 164, columns 235 to 281 of 351]
13676.595703125 8426.6630859375 3878.21166992188 3681.12841796875 6895.40234375 8476.3212890625 3302.09228515625 1729.94177246094 1456.70275878906 1210.7626953125 1152.09350585938 1609.58959960938 1774.89294433594 1635.15161132812 1772.20495605469 1851.34680175781 1731.46704101562 1705.30859375 1486.74169921875 1295.11267089844 1186.25183105469 1346.74328613281 1556.88879394531 1502.11584472656 1291.48388671875 1097.70361328125 1019.32336425781 780.811218261719 680.87060546875 689.846252441406 658.496154785156 597.964660644531 706.206481933594 720.047241210938 464.623504638672 532.454833984375 316.784912109375 383.602416992188 448.831237792969 534.442321777344 642.81591796875 780.739685058594 914.8369140625 1039.05395507812 1241.39477539062 1595.42163085938 1981.79821777344
5225.91162109375 18140.501953125 6949.9345703125 3958.28100585938 6739.87353515625 8725.37109375 3665.00390625 1912.78271484375 1557.54943847656 1323.27783203125 1230.85046386719 1686.361328125 1741.2177734375 1603.91540527344 1851.47778320312 1984.2587890625 1846.11755371094 1849.68505859375 1715.04272460938 1477.77575683594 1329.22143554688 1466.32666015625 1674.51306152344 1606.92236328125 1379.72277832031 1177.05212402344 1128.38073730469 868.04296875 763.86474609375 789.529541015625 692.140319824219 627.757751464844 653.878967285156 740.118469238281 695.791076660156 415.128509521484 579.774230957031 401.046478271484 426.975524902344 493.672882080078 591.325561523438 689.138977050781 794.841735839844 901.283630371094 1025.80322265625 1175.10473632812 1338.17163085938
2107.57836914062 5544.25244140625 21752.546875 6903.66455078125 7031.072265625 9103.6435546875 3844.54345703125 2009.80908203125 1646.4853515625 1399.1142578125 1281.44360351562 1719.287109375 1759.13256835938 1671.04077148438 1911.27856445312 2089.43872070312 1950.33227539062 1959.06030273438 1868.42138671875 1691.5751953125 1544.25415039062 1622.56201171875 1767.59130859375 1711.87646484375 1483.37817382812 1264.0810546875 1224.84887695312 963.145629882812 870.645629882812 891.144165039062 745.552978515625 664.377990722656 617.601135253906 668.814025878906 838.169189453125 581.307250976562 416.430419921875 543.009399414062 374.432006835938 410.473999023438 453.854034423828 523.783325195312 615.356628417969 722.403991699219 845.079345703125 967.706970214844 1108.32763671875
1291.67248535156 1846.06787109375 7269.28271484375 26302.701171875 8430.90234375 9305.8779296875 3880.65844726562 2094.30126953125 1737.88305664062 1455.56713867188 1252.40502929688 1748.28527832031 1790.32922363281 1775.38696289062 1994.58984375 2186.34692382812 2015.08032226562 2075.3662109375 1992.13403320312 1884.33081054688 1799.47644042969 1791.13122558594 1890.65454101562 1841.83447265625 1586.01806640625 1349.94592285156 1315.51538085938 1063.68212890625 973.875244140625 969.228759765625 833.468811035156 703.332214355469 624.961242675781 663.551818847656 812.555114746094 668.824768066406 534.966735839844 493.625061035156 539.928527832031 405.886413574219 409.69384765625 464.878601074219 531.255004882812 608.790405273438 683.273559570312 794.704223632812 918.88916015625
1117.07824707031 1410.43615722656 2354.37622070312 24294.93359375 18538.388671875 9743.6865234375 4008.68798828125 2215.97290039062 1817.92700195312 1510.71069335938 1213.59887695312 1759.85583496094 1864.28833007812 1854.4677734375 2076.287109375 2285.64013671875 2050.25244140625 2189.26904296875 2161.27270507812 2005.74450683594 1997.59008789062 2023.5185546875 2094.2216796875 1987.90625 1681.32531738281 1449.31750488281 1394.65747070312 1162.69409179688 1078.05627441406 1019.06365966797 911.252197265625 767.415405273438 677.611206054688 703.383850097656 815.227722167969 630.26904296875 636.890197753906 552.367370605469 499.762298583984 470.241455078125 405.114654541016 437.987457275391 493.884948730469 566.323974609375 628.433471679688 674.401245117188 744.064636230469
1078.10668945312 1341.6533203125 1667.04296875 2490.662109375 34875.08203125 16491.236328125 5445.18798828125 2392.6396484375 1900.28283691406 1561.40954589844 1260.83520507812 1764.98620605469 1935.95043945312 1950.8564453125 2113.599609375 2315.70483398438 2120.267578125 2278.53173828125 2316.18872070312 2125.80322265625 2094.44360351562 2302.81591796875 2449.21997070312 2152.435546875 1776.63708496094 1544.64208984375 1463.86657714844 1254.75256347656 1163.41198730469 1096.77111816406 970.524597167969 842.5546875 755.257080078125 725.388610839844 870.575805664062 631.058471679688 608.255920410156 634.84716796875 518.666381835938 568.826965332031 458.002990722656 461.501159667969 472.95556640625 502.297821044922 557.945861816406 605.648559570312 618.682495117188
994.616149902344 1112.82556152344 1199.82446289062 1353.03637695312 4266.66455078125 45518.74609375 9799.025390625 2577.8515625 1986.66687011719 1672.43920898438 1361.76342773438 1821.24291992188 1970.74353027344 2062.61572265625 2134.1591796875 2249.96215820312 2190.42407226562 2355.0078125 2445.17529296875 2267.54931640625 2162.66162109375 2571.44580078125 2911.08154296875 2346.17211914062 1892.640625 1635.81652832031 1526.06640625 1340.82788085938 1245.15844726562 1187.6845703125 1031.7421875 885.209838867188 825.777709960938 774.354675292969 940.871643066406 653.875122070312 593.610534667969 594.51513671875 580.474487304688 554.6708984375 630.529174804688 444.580413818359 475.999176025391 511.526550292969 580.170471191406 615.65478515625 633.195190429688
846.758483886719 964.922546386719 1086.06420898438 1275.49938964844 1796.38439941406 34070.2109375 25268.04296875 3129.97314453125 2118.95483398438 1837.88220214844 1475.37951660156 1920.22265625 2014.05944824219 2147.71411132812 2157.80224609375 2197.255859375 2208.3046875 2406.6240234375 2568.93994140625 2409.65063476562 2277.88037109375 2768.95166015625 3348.03125 2591.24829101562 2075.90625 1728.29626464844 1576.43493652344 1458.21838378906 1335.94970703125 1248.5732421875 1085.5341796875 959.087463378906 851.771423339844 848.076904296875 999.248046875 676.749877929688 616.982727050781 615.445190429688 558.272766113281 587.8427734375 595.171264648438 626.138122558594 404.72021484375 478.799194335938 505.877685546875 549.0478515625 658.28125
754.602172851562 824.878112792969 972.577026367188 1267.21789550781 1719.02258300781 10739.060546875 44554.578125 9419.1142578125 2403.44018554688 2085.77856445312 1586.56860351562 2007.53271484375 2078.90502929688 2237.77416992188 2214.80590820312 2192.89331054688 2204.5576171875 2428.0859375 2675.14086914062 2546.95190429688 2406.44775390625 2857.712890625 3674.09130859375 2987.33471679688 2338.15014648438 1819.77270507812 1630.61145019531 1581.51513671875 1408.91418457031 1304.31884765625 1140.90637207031 1025.822265625 881.841857910156 907.884521484375 1011.345703125 746.163208007812 687.831115722656 651.277709960938 558.521789550781 573.817443847656 644.20361328125 609.48046875 687.965148925781 434.294067382812 493.329681396484 528.069458007812 601.848083496094
774.558776855469 805.360778808594 882.365051269531 1029.60339355469 1218.32080078125 1645.8681640625 22846.67578125 40076.0234375 4351.5908203125 2318.04321289062 1706.22412109375 2090.40185546875 2161.75927734375 2326.49047851562 2316.18310546875 2213.00952148438 2163.97583007812 2472.94384765625 2742.80786132812 2645.36157226562 2544.345703125 2892.51196289062 3909.0908203125 3551.37866210938 2633.1484375 1911.2119140625 1684.93884277344 1674.17602539062 1491.68420410156 1351.43762207031 1208.97058105469 1105.9677734375 888.329040527344 947.375122070312 996.478149414062 844.131652832031 794.5244140625 715.378112792969 515.926391601562 528.312561035156 677.420288085938 717.544677734375 627.380676269531 728.335021972656 455.531219482422 564.043090820312 570.76904296875
750.658447265625 743.444519042969 792.27734375 911.605651855469 1035.79333496094 1263.03820800781 2146.09521484375 48352.73828125 18957.232421875 2631.81640625 1875.29846191406 2193.0947265625 2238.6103515625 2413.60473632812 2443.79052734375 2257.669921875 2116.16772460938 2488.9853515625 2820.97778320312 2712.25903320312 2673.763671875 2964.7333984375 4066.7041015625 4135.4501953125 2996.2578125 2038.2587890625 1770.58923339844 1738.70336914062 1554.16369628906 1389.04309082031 1270.64758300781 1197.64868164062 873.952575683594 957.820983886719 960.398986816406 950.192138671875 884.279418945312 800.007263183594 564.353149414062 503.771362304688 662.476623535156 778.146911621094 670.778930664062 671.135437011719 820.062133789062 567.568237304688 629.382080078125
755.065185546875 764.841064453125 800.371826171875 866.543701171875 987.203430175781 1261.83410644531 1720.06604003906 9130.7431640625 54132.91796875 9236.39453125 2279.98974609375 2319.99438476562 2295.45947265625 2517.60302734375 2555.12133789062 2301.60400390625 2141.66284179688 2467.4228515625 2874.1484375 2769.37036132812 2757.1083984375 3077.69653320312 4075.49487304688 4599.763671875 3676.84130859375 2353.18530273438 1792.13024902344 1779.91186523438 1562.45202636719 1383.81201171875 1314.79504394531 1222.67236328125 870.416564941406 995.716064453125 950.180725097656 1010.47399902344 958.4677734375 884.024536132812 657.1953125 552.069580078125 619.18505859375 787.366882324219 722.879516601562 675.135681152344 758.918212890625 857.686889648438 635.349731445312
853.426086425781 931.510559082031 973.138061523438 993.668640136719 1058.79321289062 1193.55529785156 1308.69689941406 1591.66369628906 17274.142578125 53470 4313.2333984375 2441.8564453125 2348.5068359375 2644.93383789062 2646.5224609375 2370.70874023438 2200.98022460938 2371.54052734375 2890.1201171875 2872.4169921875 2825.28393554688 3179.16870117188 4112.2880859375 5032.6875 4508.97119140625 2649.13720703125 1894.9814453125 1803.37255859375 1467.17529296875 1300.22241210938 1312.95568847656 1252.67529296875 881.764770507812 1050.36413574219 955.510131835938 1030.4794921875 1048.48364257812 1015.62060546875 738.430297851562 565.170166015625 602.687194824219 756.293701171875 765.69677734375 768.8095703125 742.516967773438 830.958068847656 957.686889648438
959.666748046875 1047.7373046875 1136.28234863281 1195.27770996094 1228.29223632812 1252.29553222656 1272.27673339844 1453.67541503906 2132.90893554688 54274.46875 20840.455078125 2726.83740234375 2431.38842773438 2771.65234375 2752.72973632812 2469.05029296875 2252.509765625 2243.05712890625 2874.90307617188 2969.74267578125 2898.6943359375 3278.94018554688 4252.09912109375 5646.77880859375 5154.74169921875 2845.31713867188 2041.58178710938 1856.53442382812 1362.5791015625 1077.00476074219 1363.64465332031 1255.84252929688 920.614074707031 985.937316894531 1058.58801269531 1098.75964355469 1135.42492675781 1143.33618164062 797.746826171875 579.4794921875 577.804931640625 749.671813964844 758.477233886719 775.656677246094 854.637145996094 847.137268066406 926.337707519531
944.616333007812 1072.78771972656 1168.38793945312 1220.82763671875 1243.10009765625 1206.62170410156 1267.94311523438 1589.78405761719 2077.92333984375 16183.4765625 57207.171875 7338.521484375 2608.75927734375 2874.16064453125 2859.26977539062 2535.18041992188 2309.66821289062 2137.66064453125 2829.35668945312 2978.9130859375 2967.12255859375 3412.17700195312 4312.7763671875 6157.88671875 5991.6748046875 3137.048828125 2109.56860351562 1800.50866699219 1226.16369628906 1029.232421875 1372.46911621094 1236.572265625 961.542602539062 953.409790039062 1101.09411621094 1141.271484375 1195.95471191406 1250.33276367188 883.221130371094 656.511474609375 614.596740722656 646.539306640625 698.004028320312 858.477233886719 906.228332519531 974.106689453125 897.096069335938
901.547058105469 967.553527832031 1001.09729003906 1058.68969726562 1187.11706542969 1269.61364746094 1358.94470214844 1558.30224609375 1728.50744628906 2282.07861328125 49642.40234375 31735.01953125 2888.041015625 2921.69140625 2886.69140625 2608.21655273438 2241.8525390625 2122.11254882812 2620.82397460938 2976.05712890625 3065.21728515625 3425.97094726562 4332.939453125 6498.3466796875 7207.3798828125 3499.78173828125 2084.63842773438 1655.83740234375 1142.39318847656 1078.93872070312 1357.04248046875 1229.931640625 967.93896484375 999.415771484375 1081.97424316406 1156.08984375 1194.0732421875 1320.494140625 956.720092773438 744.065368652344 616.530151367188 621.313659667969 740.662841796875 798.004028320312 1074.22741699219 999.051086425781 971.628967285156
888.982971191406 938.22509765625 978.309753417969 1031.01135253906 1081.43017578125 1241.9208984375 1417.140625 1478.15295410156 1553.5439453125 2081.9306640625 20400.44140625 62532.29296875 5144.73779296875 3160.50073242188 2734.04931640625 2775.48364257812 2116.32666015625 2066.029296875 2421.99096679688 3005.2412109375 3160.9658203125 3445.37963867188 4400.701171875 6893.09326171875 8449.1279296875 3599.91235351562 2024.30725097656 1603.73937988281 1175.21472167969 1130.41796875 1325.20678710938 1172.79248046875 943.059143066406 1064.86389160156 1104.17065429688 1157.74694824219 1188.64294433594 1291.69958496094 1081.00427246094 724.513854980469 631.659851074219 716.530151367188 721.313659667969 880.425720214844 1020.46759033203 1121.19677734375 1009.97503662109
796.347717285156 967.569641113281 1056.85998535156 1096.00048828125 1133.10119628906 1223.89514160156 1366.56237792969 1448.55798339844 1592.33203125 1861.94860839844 2316.02783203125 52092.67578125 36147.01953125 3752.61572265625 3093.802734375 2884.4765625 2013.50463867188 2051.74096679688 2282.67016601562 2997.04370117188 3264.42309570312 3434.6279296875 4616.560546875 7832.333984375 8876.8203125 3575.77783203125 2095.927734375 1624.87927246094 1281.05236816406 1232.75939941406 1175.61962890625 1019.03741455078 1006.30157470703 1135.01257324219 1173.66198730469 1135.86889648438 1113.67333984375 1085.85668945312 1136.43249511719 973.100952148438 711.600280761719 734.859558105469 764.420776367188 837.558837890625 1028.17248535156 1041.76647949219 1199.60034179688
680.848571777344 803.133178710938 1026.44714355469 1156.35705566406 1239.45202636719 1327.46936035156 1425.27026367188 1543.79638671875 1676.40759277344 1812.9150390625 1849.36804199219 2546.94140625 72584.5859375 19622.416015625 3559.98754882812 2894.94702148438 2055.40454101562 1965.55322265625 2312.02465820312 2892.26635742188 3225.96313476562 3485.94677734375 4792.16064453125 8457.05078125 9425.8544921875 3742.14477539062 2212.7958984375 1646.60034179688 1335.46142578125 1171.49206542969 1068.87048339844 973.478149414062 1095.68811035156 1176.67492675781 1222.20983886719 1071.14050292969 1098.951171875 1035.56494140625 991.123168945312 1111.17236328125 969.42236328125 786.543823242188 700.946350097656 835.609619140625 957.185180664062 1094.068359375 1141.76647949219
750.695007324219 759.163391113281 838.625122070312 1052.68701171875 1228.05432128906 1362.29516601562 1489.75915527344 1561.42797851562 1612.99633789062 1699.19946289062 1859.0634765625 2319.17114257812 20153.759765625 75990.5078125 3981.05126953125 2959.64331054688 2125.16821289062 2022.46130371094 2187.81030273438 2848.775390625 3010.81469726562 3489.86157226562 4849.005859375 8590.56640625 10613.474609375 4099.14453125 2142.65893554688 1628.02331542969 1282.41076660156 1119.66320800781 1075.38134765625 991.5498046875 1119.77355957031 1249.78918457031 1210.38415527344 1050.29077148438 1081.33044433594 1082.91577148438 927.239318847656 1058.76635742188 1154.46313476562 928.314880371094 714.910827636719 770.98486328125 931.518676757812 1057.18518066406 1210.09948730469
723.073120117188 848.592102050781 871.679992675781 940.80126953125 1112.88732910156 1252.48718261719 1284.82238769531 1344.15234375 1502.47253417969 1629.25927734375 1841.82800292969 2302.0625 2994.65478515625 67267.3046875 34968.32421875 3240.376953125 2147.47509765625 2076.46923828125 2179.6259765625 2713.26928710938 2742.36840820312 3574.22705078125 4827.69580078125 8844.736328125 11818.9697265625 4236.8935546875 2101.85522460938 1638.92932128906 1198.65490722656 1090.75280761719 1106.69860839844 973.10400390625 1186.73376464844 1296.67260742188 1245.60229492188 1011.78515625 1044.11206054688 1171.7421875 940.463928222656 937.562255859375 1156.58581542969 1122.23999023438 838.673706054688 799.679260253906 873.03173828125 1031.51867675781 1159.39965820312
