MCO_data_requests/covino_4_2_2020/subwatershed_outputs/deadhorse_flow_accumulation_utm_10m.asc
NCOLS 351 
NROWS 164 
XLLCORNER 419971.519902415 
YLLCORNER 4416567.22541033 
CELLSIZE 10 
NODATA_value -3.4e+38 
[rows 42 to 62 of 164, columns 47 to 93 of 351]
-3.4e+38 -3.4e+38 -3.4e+38 -3.4e+38 -3.4e+38 -3.4e+38 -3.4e+38 -3.4e+38 -3.4e+38 -3.4e+38 -3.4e+38 -3.4e+38 -3.4e+38 -3.4e+38 -3.4e+38 -3.4e+38 -3.4e+38 -3.4e+38 -3.4e+38 -3.4e+38 -3.4e+38 -3.4e+38 -3.4e+38 -3.4e+38 -3.4e+38 -3.4e+38 -3.4e+38 -3.4e+38 -3.4e+38 -3.4e+38 -3.4e+38 -3.4e+38 -3.4e+38 -3.4e+38 -3.4e+38 -3.4e+38 -3.4e+38 100 100 100 100 200 200 200 277.591705322266 296.320190429688 321.469543457031
-3.4e+38 -3.4e+38 -3.4e+38 -3.4e+38 -3.4e+38 -3.4e+38 -3.4e+38 -3.4e+38 -3.4e+38 -3.4e+38 -3.4e+38 -3.4e+38 -3.4e+38 -3.4e+38 -3.4e+38 -3.4e+38 -3.4e+38 -3.4e+38 -3.4e+38 -3.4e+38 -3.4e+38 -3.4e+38 -3.4e+38 -3.4e+38 -3.4e+38 -3.4e+38 -3.4e+38 -3.4e+38 -3.4e+38 -3.4e+38 -3.4e+38 -3.4e+38 -3.4e+38 -3.4e+38 -3.4e+38 -3.4e+38 100 100 100 122.802116394043 189.441925048828 197.493621826172 300 301.268737792969 305.652679443359 369.627593994141 362.436950683594
-3.4e+38 -3.4e+38 -3.4e+38 -3.4e+38 -3.4e+38 -3.4e+38 -3.4e+38 -3.4e+38 -3.4e+38 -3.4e+38 -3.4e+38 -3.4e+38 -3.4e+38 -3.4e+38 -3.4e+38 -3.4e+38 -3.4e+38 -3.4e+38 -3.4e+38 -3.4e+38 -3.4e+38 -3.4e+38 -3.4e+38 -3.4e+38 -3.4e+38 -3.4e+38 -3.4e+38 -3.4e+38 -3.4e+38 -3.4e+38 -3.4e+38 -3.4e+38 -3.4e+38 100 100 100 100 100 120.820106506348 196.344741821289 227.138229370117 282.358062744141 297.493621826172 432.359985351562 413.813293457031 373.994018554688 429.569488525391
-3.4e+38 -3.4e+38 -3.4e+38 -3.4e+38 -3.4e+38 -3.4e+38 -3.4e+38 350 100 100 100 100 100 100 100 100 -3.4e+38 -3.4e+38 -3.4e+38 -3.4e+38 -3.4e+38 -3.4e+38 -3.4e+38 -3.4e+38 -3.4e+38 -3.4e+38 -3.4e+38 -3.4e+38 -3.4e+38 100 100 100 100 100 100 100 100 100 179.179901123047 217.485458374023 319.370300292969 334.385314941406 370.751373291016 477.580841064453 525.119689941406 481.818054199219 538.645812988281
-3.4e+38 -3.4e+38 350 100 100 100 100 100 100 100 100 100 100 100 100 100 100 100 100 100 100 100 100 100 100 100 100 100 100 100 100 100 100 100 100 200 210.397933959961 201.784820556641 202.237182617188 303.056488037109 362.433258056641 423.626770019531 434.056579589844 507.121856689453 603.8203125 640.723754882812 657.980346679688
100 100 100 100 100 100 100 100 100 151.918762207031 199.333923339844 201.732086181641 203.967254638672 201.291519165039 194.947998046875 146.808456420898 100 100 100 100 100 100 100 104.903282165527 106.443893432617 100 100 100 100 100 124.477592468262 198.450546264648 209.999420166016 195.158538818359 198.889739990234 235.188034057617 305.777130126953 292.723388671875 297.390655517578 355.424621582031 428.713073730469 463.053283691406 551.501281738281 615.786376953125 656.038024902344 724.233337402344 788.143615722656
100 100 100 100 153.488876342773 204.671401977539 197.420608520508 196.503356933594 202.52082824707 235.664779663086 276.622192382812 297.140991210938 309.927307128906 311.439239501953 291.912414550781 265.541687011719 218.929077148438 188.810836791992 184.952499389648 187.234649658203 189.386123657227 198.036727905273 192.096862792969 194.255172729492 203.460220336914 199.984146118164 204.399063110352 225.564926147461 212.290832519531 193.934936523438 198.615386962891 258.225982666016 331.349487304688 305.593139648438 292.338256835938 310.571319580078 344.489288330078 381.216369628906 395.671051025391 432.394927978516 495.246734619141 554.771301269531 640.974975585938 742.716857910156 755.753173828125 763.984436035156 878.054626464844
205.876617431641 207.0791015625 199.542617797852 195.798568725586 229.004119873047 287.244354248047 297.892059326172 295.999664306641 306.569183349609 330.206939697266 357.03076171875 386.594451904297 417.21142578125 421.488952636719 388.104675292969 369.166625976562 345.337219238281 287.203247070312 252.235275268555 277.174224853516 295.054229736328 295.925262451172 283.017486572266 271.309814453125 298.923889160156 293.437896728516 305.479309082031 344.627166748047 337.890838623047 294.026214599609 304.051483154297 351.996215820312 399.764526367188 395.283782958984 382.812133789062 401.042785644531 414.632995605469 435.793395996094 501.230041503906 548.455139160156 595.742248535156 681.4052734375 719.156066894531 818.729187011719 830.744934082031 830.948547363281 954.86669921875
306.196960449219 304.830230712891 299.032501220703 296.721954345703 321.572937011719 374.019653320312 391.614044189453 399.803649902344 411.91357421875 430.438751220703 440.850128173828 471.931549072266 518.631958007812 521.523315429688 474.955749511719 470.005462646484 468.038421630859 399.473358154297 346.321044921875 381.026397705078 410.765258789062 382.415283203125 346.297943115234 341.225128173828 378.901611328125 379.967407226562 391.652862548828 454.368591308594 500.087646484375 421.006713867188 389.6005859375 436.113159179688 471.610198974609 444.623168945312 465.724884033203 523.941650390625 520.752685546875 527.341003417969 616.749145507812 679.035522460938 670.683654785156 763.093811035156 816.036315917969 906.948974609375 892.533874511719 874.319580078125 1018.75677490234
377.856170654297 423.254730224609 409.935913085938 413.739532470703 432.084808349609 467.507446289062 481.203369140625 496.343292236328 520.810791015625 532.450378417969 517.350646972656 550.927551269531 615.693115234375 618.061645507812 560.71728515625 567.014526367188 600.842346191406 532.672241210938 453.856231689453 473.774291992188 517.054504394531 467.792022705078 391.953308105469 386.266204833984 451.040649414062 477.046295166016 512.597961425781 572.438659667969 611.788269042969 544.403137207031 486.358367919922 497.756011962891 519.888427734375 522.8876953125 577.859375 703.995971679688 674.90869140625 599.562438964844 678.238342285156 787.734741210938 769.870788574219 841.480529785156 921.097839355469 995.647155761719 956.275268554688 912.746887207031 1045.79272460938
456.396636962891 539.991882324219 531.688232421875 527.114318847656 544.550842285156 571.604064941406 580.201599121094 587.865966796875 621.40576171875 634.949951171875 593.334106445312 623.970581054688 705.261047363281 720.748596191406 668.977722167969 662.97314453125 719.502624511719 657.365478515625 561.571716308594 555.364929199219 605.891235351562 560.390441894531 451.506317138672 443.923034667969 552.037963867188 590.088439941406 584.44873046875 659.252319335938 705.074951171875 621.038391113281 583.457275390625 615.356201171875 606.093444824219 656.683837890625 757.351318359375 775.28662109375 778.930725097656 693.810729980469 753.491333007812 917.847045898438 891.115783691406 915.531433105469 1020.47204589844 1114.26733398438 1030.17431640625 873.39697265625 954.281799316406
547.167053222656 631.757141113281 644.08544921875 640.956909179688 659.032348632812 683.376098632812 688.922790527344 686.8173828125 715.739135742188 734.723876953125 677.308654785156 704.815490722656 798.208190917969 813.738342285156 767.174194335938 776.667663574219 813.737487792969 766.468017578125 676.528747558594 648.543212890625 683.135986328125 625.748718261719 578.359069824219 566.382385253906 612.560119628906 646.5986328125 677.558349609375 704.033935546875 741.011901855469 722.173156738281 715.109069824219 799.51953125 790.482543945312 694.991455078125 798.817565917969 888.193420410156 847.458068847656 819.614624023438 873.1171875 1084.9130859375 1043.69458007812 1023.45812988281 1100.06286621094 1161.74047851562 1067.17529296875 897.684265136719 946.150085449219
609.079284667969 755.087280273438 761.83203125 767.916137695312 776.904174804688 799.680297851562 770.993469238281 819.080078125 857.912231445312 826.454467773438 741.148071289062 784.639953613281 922.536926269531 900.88818359375 864.378173828125 916.215209960938 898.0888671875 838.38330078125 762.423278808594 748.401184082031 768.010070800781 709.097595214844 698.028686523438 694.163635253906 697.196166992188 684.460021972656 704.736206054688 797.735046386719 832.23193359375 841.566162109375 912.824035644531 918.512634277344 854.686645507812 780.726928710938 834.993347167969 982.031982421875 919.2333984375 882.0185546875 1068.33520507812 1267.86401367188 1227.22045898438 1099.41638183594 1127.94128417969 1205.93176269531 1013.17584228516 1038.85034179688 1056.29663085938
1599.6279296875 1945.40954589844 1413.40124511719 887.487915039062 994.903747558594 952.349731445312 868.246765136719 912.470825195312 1012.38043212891 966.388610839844 795.258483886719 880.309753417969 1143.13635253906 1046.70520019531 890.021240234375 913.883178710938 921.376525878906 932.165893554688 928.011352539062 843.799560546875 869.435974121094 794.491088867188 798.555358886719 838.810241699219 801.076538085938 723.681762695312 767.515991210938 921.886474609375 1019.1171875 946.877319335938 916.789916992188 1035.11767578125 968.900207519531 863.046813964844 868.918212890625 1032.36486816406 1080.39074707031 1009.19866943359 1037.77941894531 1350.86206054688 1457.84228515625 1218.39282226562 1131.29760742188 1279.15307617188 1119.82690429688 1040.71081542969 1135.76550292969
11328.6044921875 12044.083984375 13141.5439453125 9288.3076171875 5429.94482421875 1933.22863769531 897.733215332031 916.783142089844 1138.56909179688 1226.01062011719 1022.76593017578 996.919555664062 1191.64685058594 1172.17553710938 861.802795410156 821.287902832031 1076.57531738281 989.281860351562 1014.36059570312 1099.26501464844 936.657043457031 908.953369140625 952.693969726562 992.144653320312 888.021484375 797.230102539062 920.105346679688 1123.50036621094 1038.92309570312 985.032470703125 979.273498535156 1097.20654296875 1089.07019042969 951.793273925781 1001.84069824219 1171.50964355469 1044.05676269531 1075.3837890625 1099.74438476562 1335.20788574219 1423.59643554688 1384.05432128906 1439.15026855469 1310.26513671875 1121.40979003906 1056.48205566406 1180.19494628906
622.379272460938 648.551330566406 1057.43823242188 6379.025390625 10950.8115234375 13349.0947265625 6744.2734375 2195.8251953125 1783.93762207031 1664.79077148438 1362.55737304688 1007.31658935547 1060.2890625 1156.90771484375 1043.95727539062 1036.76477050781 1309.78991699219 1394.33374023438 1263.74182128906 1205.30322265625 1288.7265625 996.080810546875 1077.70922851562 1184.28552246094 1065.88659667969 957.048217773438 1000.87908935547 1176.55871582031 1189.78344726562 1024.80615234375 1102.7939453125 1165.47961425781 1175.0380859375 1169.91906738281 1092.56335449219 1139.74987792969 1105.484375 1036.96728515625 1171.32739257812 1303.51782226562 1431.91552734375 1491.00720214844 1626.65002441406 1392.08825683594 1168.99145507812 1221.40979003906 1188.14379882812
622.978759765625 610.668395996094 638.493896484375 777.723754882812 1435.51135253906 3855.74291992188 11308.501953125 13743.548828125 13755.970703125 12444.3642578125 6700.2255859375 3109.48852539062 1080.8779296875 1050.0537109375 1369.41430664062 1542.97705078125 1626.88159179688 1847.38049316406 1936.41088867188 1708.78979492188 1408.45959472656 1325.021484375 1129.06103515625 1363.775390625 1370.68676757812 964.011108398438 1118.21923828125 1242.23034667969 1329.27429199219 1150.12316894531 1161.71752929688 1420.95874023438 1345.880859375 1155.44458007812 1139.46899414062 1217.18139648438 1119.84326171875 1081.88110351562 1084.91381835938 1302.73657226562 1369.96752929688 1654.00451660156 1561.02062988281 1652.55603027344 1492.08825683594 1268.99145507812 1453.00915527344
326.796600341797 397.922546386719 513.652160644531 608.741333007812 652.8916015625 816.166564941406 2103.95922851562 5259.5087890625 7287.380859375 10265.537109375 14320.8388671875 11828.50390625 6732.23193359375 2527.27978515625 1992.2958984375 2223.61401367188 2116.08666992188 1857.86853027344 2143.89379882812 2525.38061523438 2304.81005859375 1509.03125 1637.14965820312 1645.23449707031 1423.60595703125 1175.86730957031 1144.13208007812 1373.76342773438 1346.8095703125 1383.47937011719 1447.13806152344 1433.08898925781 1443.77905273438 1267.26220703125 1169.41564941406 1301.11437988281 1158.57690429688 1057.07763671875 1251.37805175781 1391.78393554688 1585.37658691406 1846.81201171875 2017.42590332031 1661.02062988281 1765.58081054688 1799.33166503906 1701.38171386719
388.860473632812 408.007110595703 435.512878417969 471.527038574219 500.216247558594 553.540771484375 642.552734375 856.195617675781 954.370849609375 1337.25830078125 4624.50390625 11214.455078125 15643.6279296875 14480.5146484375 9432.755859375 6428.0615234375 3908.05517578125 2802.30346679688 2525.97534179688 2548.2958984375 2932.25366210938 3173.04467773438 2657.71533203125 2516.11572265625 1774.92065429688 1317.66198730469 1300.55480957031 1376.14233398438 1621.453125 1371.83288574219 1680.3642578125 1509.27514648438 1511.11865234375 1462.07373046875 1243.82092285156 1340.94384765625 1233.52807617188 1154.27575683594 1314.96801757812 1577.28295898438 1823.57458496094 1886.42004394531 2255.72338867188 2694.26879882812 2332.900390625 2454.14819335938 2481.26684570312
546.547180175781 524.468383789062 509.122314453125 564.218566894531 641.221069335938 652.329406738281 677.321411132812 701.248596191406 731.114013671875 697.261169433594 857.422241210938 1991.373046875 5350.1103515625 9425.130859375 11984.599609375 11130.77734375 8358.25390625 5426.9013671875 4089.31958007812 3417.556640625 3000.75024414062 3324.0498046875 3710.4951171875 3053.19775390625 2889.84497070312 1948.76159667969 1538.46655273438 1728.09143066406 1495.67407226562 1780.30053710938 1598.66101074219 1741.14270019531 1607.20007324219 1551.02502441406 1514.55712890625 1307.70715332031 1250.44226074219 1556.82702636719 1469.13952636719 1413.88745117188 1680.83520507812 1922.58605957031 2129.79614257812 2614.23388671875 3205.28369140625 3240.86767578125 3178.29638671875
624.572326660156 654.266052246094 634.611572265625 584.888977050781 613.914794921875 672.280151367188 657.800598144531 563.394958496094 476.077270507812 550.930419921875 617.34912109375 713.089599609375 1330.12524414062 3575.59350585938 5912.62646484375 6902.19482421875 8337.7275390625 8806.1552734375 7625.2431640625 5827.45703125 4902.97607421875 4375.7958984375 4047.10986328125 4620.01513671875 3989.1474609375 3584.45654296875 2721.91748046875 2038.66137695312 1537.34594726562 1506.83740234375 2354.38696289062 1898.39758300781 1850.40551757812 1644.14611816406 1619.25146484375 1566.52307128906 1250.8408203125 1342.103515625 1576.23791503906 1547.08752441406 1387.33935546875 1652.90026855469 2017.61145019531 2234.919921875 2687.01220703125 3083.7783203125 3249.66918945312
