MCO_data_requests/covino_4_2_2020/subwatershed_outputs/deadhorse_dem_utm_10m.asc
NCOLS 351 
NROWS 164 
XLLCORNER 419971.519902415 
YLLCORNER 4416567.22541033 
CELLSIZE 10 
NODATA_value -3.4e+38 
[rows 105 to 125 of 164, columns 47 to 93 of 351]
3367.09741210938 3362.86303710938 3358.05004882812 3353.71508789062 3349.12963867188 3344.30541992188 3340.75805664062 3338.34814453125 3335.86791992188 3333.154296875 3330.35424804688 3327.310546875 3323.54248046875 3319.6171875 3315.82934570312 3311.53833007812 3306.61108398438 3301.73217773438 3297.26245117188 3292.87451171875 3288.22631835938 3283.841796875 3280.11108398438 3276.11157226562 3271.54272460938 3266.82836914062 3261.96997070312 3257.0283203125 3252.7724609375 3249.29833984375 3246.09643554688 3241.88500976562 3236.658203125 3231.8291015625 3227.26049804688 3222.33251953125 3217.76538085938 3214.125 3210.580078125 3205.990234375 3200.37841796875 3195.25830078125 3190.70068359375 3185.96435546875 3181.1171875 3176.330078125 3171.7939453125
3367.17041015625 3362.95678710938 3358.42114257812 3354.3154296875 3349.8818359375 3345.17602539062 3341.57666015625 3338.92919921875 3336.17504882812 3333.23413085938 3330.26245117188 3326.869140625 3322.65551757812 3318.33959960938 3314.27490234375 3309.95288085938 3304.92944335938 3299.77075195312 3295.2255859375 3290.64184570312 3285.58911132812 3280.9501953125 3276.91967773438 3272.67846679688 3268.060546875 3263.42407226562 3258.88403320312 3254.43823242188 3250.53833007812 3247.11547851562 3243.75024414062 3239.30981445312 3234.01049804688 3229.04345703125 3224.29614257812 3219.40551757812 3214.99072265625 3211.37817382812 3207.69970703125 3202.94262695312 3197.7177734375 3193.17724609375 3188.94799804688 3184.27807617188 3179.34765625 3174.61694335938 3170.38623046875
3367.01904296875 3362.85498046875 3358.52734375 3354.53686523438 3350.29711914062 3345.91845703125 3342.38745117188 3339.443359375 3336.33032226562 3333.17651367188 3330.08666992188 3326.26538085938 3321.42456054688 3316.64331054688 3312.30932617188 3307.90966796875 3302.89721679688 3297.689453125 3292.94262695312 3287.95825195312 3282.50439453125 3277.6171875 3273.3349609375 3268.93090820312 3264.2421875 3259.78051757812 3255.87744140625 3251.99731445312 3248.19946289062 3244.64013671875 3240.94580078125 3236.40283203125 3231.14404296875 3225.982421875 3221.2119140625 3216.49560546875 3212.19873046875 3208.50024414062 3204.60986328125 3199.88354492188 3195.29223632812 3191.34692382812 3187.23876953125 3182.56762695312 3177.6162109375 3173.14599609375 3169.27563476562
3366.85498046875 3362.6416015625 3358.294921875 3354.35375976562 3350.39013671875 3346.3271484375 3342.82397460938 3339.69189453125 3336.3291015625 3332.986328125 3329.63891601562 3325.32934570312 3319.90747070312 3314.73388671875 3310.16381835938 3305.6689453125 3300.68798828125 3295.466796875 3290.25805664062 3284.6318359375 3278.95043945312 3273.87133789062 3269.48168945312 3264.9931640625 3260.32177734375 3256.2158203125 3252.88842773438 3249.43286132812 3245.67114257812 3241.85986328125 3237.962890625 3233.32373046875 3227.89233398438 3222.67651367188 3218.06176757812 3213.53833007812 3209.28051757812 3205.47607421875 3201.42846679688 3196.94946289062 3192.94995117188 3189.4912109375 3185.60302734375 3180.93237304688 3176.03198242188 3171.88989257812 3168.36791992188
3366.67578125 3362.34985351562 3357.96557617188 3354.01684570312 3350.2177734375 3346.31396484375 3342.7548828125 3339.568359375 3336.1259765625 3332.59228515625 3328.83325195312 3323.876953125 3318.02807617188 3312.62475585938 3307.90771484375 3303.4501953125 3298.48876953125 3293.01953125 3287.0673828125 3280.82666015625 3275.03491210938 3269.86743164062 3265.46069335938 3260.9306640625 3256.49267578125 3252.90502929688 3249.97241210938 3246.7265625 3242.80346679688 3238.73071289062 3234.73266601562 3229.814453125 3224.15551757812 3219.22045898438 3214.82421875 3210.42065429688 3206.22802734375 3202.3603515625 3198.35815429688 3194.34008789062 3190.87719726562 3187.73608398438 3184.03247070312 3179.35498046875 3174.64794921875 3170.82153320312 3167.52807617188
3366.44580078125 3361.98999023438 3357.5771484375 3353.69458007812 3349.94604492188 3346.09106445312 3342.48681640625 3339.26538085938 3335.75927734375 3332.04052734375 3327.70556640625 3322.05615234375 3316.0078125 3310.4873046875 3305.7197265625 3301.34838867188 3296.2763671875 3290.39208984375 3283.91040039062 3277.173828125 3270.9072265625 3265.72900390625 3261.3330078125 3256.95922851562 3253.00659179688 3249.77124023438 3246.931640625 3243.6083984375 3239.39868164062 3235.1259765625 3230.87182617188 3225.64208984375 3220.1142578125 3215.54809570312 3211.30712890625 3207.04418945312 3203.03271484375 3199.28637695312 3195.58862304688 3192.12548828125 3189.01489257812 3186.146484375 3182.51245117188 3177.85229492188 3173.4384765625 3169.9228515625 3166.72583007812
3366.21728515625 3361.66772460938 3357.18115234375 3353.359375 3349.63891601562 3345.82055664062 3342.23876953125 3338.94482421875 3335.29052734375 3331.21801757812 3326.18286132812 3320.04833984375 3314.09326171875 3308.72192382812 3304.02905273438 3299.5068359375 3294.03930664062 3287.73120117188 3280.99536132812 3273.681640625 3266.8623046875 3261.669921875 3257.33129882812 3253.30444335938 3249.66186523438 3246.4541015625 3243.48779296875 3239.84545898438 3235.42431640625 3230.96533203125 3226.29467773438 3220.8935546875 3215.75146484375 3211.49926757812 3207.51440429688 3203.5810546875 3199.86938476562 3196.50537109375 3193.28735351562 3190.1650390625 3187.24267578125 3184.48510742188 3180.85571289062 3176.3779296875 3172.34350585938 3169.09814453125 3165.94677734375
3365.96411132812 3361.3349609375 3356.81982421875 3353.04443359375 3349.32104492188 3345.51025390625 3341.96704101562 3338.57470703125 3334.7294921875 3330.23779296875 3324.57666015625 3318.28784179688 3312.52465820312 3307.31469726562 3302.73217773438 3298.00439453125 3292.015625 3285.10546875 3277.92919921875 3270.17407226562 3263.38403320312 3258.06030273438 3253.73217773438 3249.77661132812 3246.13427734375 3242.9208984375 3239.77416992188 3235.82202148438 3231.09008789062 3226.2763671875 3221.40673828125 3216.18237304688 3211.30346679688 3207.39697265625 3203.87890625 3200.30053710938 3196.97607421875 3194.13427734375 3191.30712890625 3188.34887695312 3185.5029296875 3182.66650390625 3179.07202148438 3174.92553710938 3171.30078125 3168.26635742188 3165.15844726562
3365.52758789062 3360.91528320312 3356.50512695312 3352.75610351562 3348.9775390625 3345.09326171875 3341.5498046875 3338.1044921875 3334.09008789062 3329.22875976562 3323.234375 3317.0615234375 3311.39233398438 3306.10473632812 3301.56201171875 3296.78564453125 3290.25537109375 3282.43212890625 3274.77319335938 3267.07006835938 3260.55322265625 3255.1044921875 3250.53955078125 3246.22265625 3242.57885742188 3239.35668945312 3236.06665039062 3231.68383789062 3226.296875 3221.29516601562 3216.63916015625 3211.70239257812 3207.23510742188 3203.81762695312 3200.6025390625 3197.26220703125 3194.3623046875 3191.93896484375 3189.3798828125 3186.60131835938 3183.79052734375 3180.90747070312 3177.45727539062 3173.68701171875 3170.33764648438 3167.36083984375 3164.27612304688
3364.95434570312 3360.41772460938 3356.14624023438 3352.45532226562 3348.55859375 3344.53173828125 3341.017578125 3337.61791992188 3333.46264648438 3328.21801757812 3322.16284179688 3316.24829101562 3310.5810546875 3305.18310546875 3300.61694335938 3295.65087890625 3288.47045898438 3279.86303710938 3272.11547851562 3264.76196289062 3258.33422851562 3252.73217773438 3247.68872070312 3243.03833007812 3239.26416015625 3235.88598632812 3232.17993164062 3226.97338867188 3221.19506835938 3216.47924804688 3212.103515625 3207.55639648438 3203.69702148438 3200.58813476562 3197.54516601562 3194.60180664062 3192.08813476562 3189.86547851562 3187.517578125 3184.89990234375 3182.10717773438 3179.25634765625 3176.03173828125 3172.626953125 3169.41381835938 3166.40014648438 3163.29296875
3364.35180664062 3359.88793945312 3355.76806640625 3352.18627929688 3348.18603515625 3343.955078125 3340.55883789062 3337.32275390625 3333.10522460938 3327.6337890625 3321.51196289062 3315.74584960938 3310.04614257812 3304.62670898438 3299.87744140625 3294.46630859375 3286.93530273438 3278.20483398438 3270.59326171875 3263.54174804688 3257.08032226562 3251.259765625 3245.7421875 3240.7724609375 3236.40991210938 3232.42309570312 3227.88305664062 3221.91455078125 3216.37329101562 3211.96459960938 3207.94384765625 3204.0048828125 3200.51733398438 3197.57592773438 3194.93188476562 3192.4248046875 3190.11254882812 3187.99682617188 3185.68383789062 3183.09375 3180.37939453125 3177.63549804688 3174.59643554688 3171.43408203125 3168.39013671875 3165.36303710938 3162.17919921875
3363.8076171875 3359.41186523438 3355.4189453125 3352.00512695312 3348.05859375 3343.77783203125 3340.7333984375 3337.71362304688 3333.30151367188 3327.65600585938 3321.4326171875 3315.60375976562 3309.84204101562 3304.36376953125 3299.35791015625 3293.45556640625 3285.9892578125 3277.59057617188 3269.90625 3262.98828125 3256.62573242188 3250.94946289062 3245.48974609375 3240.00268554688 3234.60205078125 3229.56396484375 3224.19116210938 3217.92309570312 3212.26904296875 3207.98291015625 3204.59204101562 3200.96752929688 3197.54418945312 3195.04931640625 3192.91259765625 3190.64794921875 3188.33520507812 3186.2197265625 3183.86352539062 3181.255859375 3178.646484375 3176.0556640625 3173.09912109375 3169.982421875 3167.05444335938 3164.09912109375 3160.91186523438
3363.32421875 3358.97729492188 3355.10620117188 3351.96533203125 3348.44799804688 3344.75073242188 3342.25415039062 3339.17944335938 3334.068359375 3327.99194335938 3321.70874023438 3315.77026367188 3310.048828125 3304.5234375 3299.31079101562 3293.0400390625 3285.34350585938 3277.15161132812 3269.73852539062 3262.96704101562 3256.72607421875 3251.529296875 3246.658203125 3240.93725585938 3234.611328125 3228.85888671875 3223.11206054688 3216.36791992188 3209.9130859375 3205.52954101562 3202.322265625 3198.53442382812 3195.20190429688 3193.32641601562 3191.47729492188 3189.2197265625 3186.75390625 3184.49389648438 3182.13745117188 3179.59838867188 3177.08251953125 3174.51611328125 3171.54345703125 3168.4521484375 3165.578125 3162.69580078125 3159.57177734375
3362.9482421875 3358.70556640625 3354.98315429688 3352.1796875 3349.41577148438 3346.671875 3344.42529296875 3341.08569335938 3335.126953125 3328.4169921875 3322.06103515625 3316.0361328125 3310.58813476562 3305.24487304688 3299.9189453125 3293.3349609375 3285.11328125 3277.04125976562 3270.1982421875 3263.49975585938 3257.24731445312 3252.39428710938 3247.89672851562 3242.30102539062 3235.83203125 3230.07934570312 3224.28881835938 3217.27685546875 3210.50122070312 3205.69506835938 3201.80590820312 3197.66845703125 3194.33276367188 3192.3525390625 3190.27905273438 3188.00024414062 3185.52026367188 3183.16455078125 3180.86450195312 3178.27905273438 3175.65673828125 3173.00390625 3170.07763671875 3167.08740234375 3164.26611328125 3161.31469726562 3158.30419921875
3362.81518554688 3358.89624023438 3355.42700195312 3352.98876953125 3350.88940429688 3348.5791015625 3345.95288085938 3342.3798828125 3336.06005859375 3328.87109375 3322.47412109375 3316.46142578125 3311.25048828125 3306.14575195312 3300.78051757812 3293.8779296875 3285.28979492188 3277.37768554688 3271.06982421875 3264.54663085938 3258.29443359375 3253.53076171875 3249.15625 3243.673828125 3237.41235351562 3231.80444335938 3226.10009765625 3219.39868164062 3212.86010742188 3207.7041015625 3203.24047851562 3198.8974609375 3195.36401367188 3192.86547851562 3190.36572265625 3187.8408203125 3185.33349609375 3182.79248046875 3180.1171875 3177.2255859375 3174.56372070312 3171.90942382812 3168.87109375 3165.86669921875 3163.0869140625 3160.26831054688 3157.45263671875
3362.9140625 3359.6103515625 3356.6845703125 3354.74096679688 3353.12670898438 3350.6640625 3347.27465820312 3343.05102539062 3336.64697265625 3329.3662109375 3323.03247070312 3317.0966796875 3311.94287109375 3307.05029296875 3301.705078125 3294.54174804688 3285.9365234375 3278.30102539062 3272.34765625 3266.13647460938 3259.9501953125 3255.01684570312 3250.501953125 3245.0576171875 3239.13891601562 3233.73266601562 3228.13452148438 3221.73779296875 3215.4375 3210.08325195312 3205.37182617188 3201.06909179688 3197.44018554688 3194.65087890625 3191.86083984375 3189.01953125 3186.30053710938 3183.53076171875 3180.61181640625 3177.67553710938 3175.03466796875 3172.38330078125 3169.28564453125 3166.31982421875 3163.72607421875 3161.13037109375 3158.50561523438
3363.09375 3360.7314453125 3358.82202148438 3357.35522460938 3355.81103515625 3352.96337890625 3348.8134765625 3343.66381835938 3337.08666992188 3329.85595703125 3323.64428710938 3317.79736328125 3312.65380859375 3307.97607421875 3302.6923828125 3295.33447265625 3286.88427734375 3279.58227539062 3273.87622070312 3267.845703125 3261.71508789062 3256.64086914062 3251.94580078125 3246.4609375 3240.75268554688 3235.56518554688 3230.12036132812 3223.91821289062 3217.84033203125 3212.43408203125 3207.51123046875 3203.2412109375 3199.66967773438 3196.75415039062 3193.77124023438 3190.71801757812 3187.75732421875 3184.80590820312 3181.70068359375 3178.74853515625 3176.15502929688 3173.33911132812 3170.205078125 3167.46459960938 3165.14379882812 3162.81518554688 3160.4306640625
3363.33203125 3362.55078125 3362.08276367188 3360.77465820312 3358.29516601562 3354.6845703125 3350.00952148438 3344.3154296875 3337.54272460938 3330.337890625 3324.23071289062 3318.43383789062 3313.30737304688 3308.82006835938 3303.6806640625 3296.42163085938 3288.09423828125 3280.83276367188 3275.27172851562 3269.45288085938 3263.484375 3258.38354492188 3253.50390625 3247.86865234375 3242.23046875 3237.25122070312 3231.9501953125 3225.97094726562 3220.11596679688 3214.80200195312 3209.6455078125 3205.2421875 3201.81323242188 3198.90771484375 3195.8779296875 3192.65991210938 3189.50317382812 3186.29370117188 3182.927734375 3179.92456054688 3177.34887695312 3174.5859375 3171.57153320312 3168.96704101562 3166.8076171875 3164.70239257812 3162.4345703125
3363.99633789062 3365.04663085938 3365.57861328125 3364.57592773438 3360.65869140625 3355.51293945312 3350.59448242188 3344.90942382812 3338.00341796875 3330.8203125 3324.7919921875 3319.03076171875 3313.91381835938 3309.583984375 3304.74389648438 3297.94067382812 3289.82299804688 3282.37963867188 3276.67358398438 3271.03564453125 3265.25952148438 3260.15014648438 3255.11352539062 3249.32373046875 3243.69897460938 3238.85717773438 3233.80981445312 3228.12939453125 3222.32202148438 3217.12036132812 3211.82080078125 3207.08569335938 3203.8076171875 3201.01293945312 3198.01123046875 3194.7978515625 3191.58618164062 3188.17431640625 3184.47265625 3181.33154296875 3178.78979492188 3176.1572265625 3173.267578125 3170.64526367188 3168.50732421875 3166.525390625 3164.4521484375
3365.16381835938 3366.64990234375 3367.51538085938 3367.16430664062 3362.56567382812 3355.96044921875 3350.85571289062 3345.30908203125 3338.44970703125 3331.25268554688 3325.30126953125 3319.59326171875 3314.52514648438 3310.32568359375 3305.79565429688 3299.53125 3291.82275390625 3284.37548828125 3278.23706054688 3272.52807617188 3266.90161132812 3261.91528320312 3256.80737304688 3250.8642578125 3245.13208007812 3240.43432617188 3235.81689453125 3230.56176757812 3224.9345703125 3219.86279296875 3214.501953125 3209.388671875 3205.84350585938 3203.125 3200.17846679688 3197.04370117188 3193.96948242188 3190.5380859375 3186.59716796875 3183.1845703125 3180.52954101562 3177.89013671875 3175.04052734375 3172.35913085938 3170.18823242188 3168.29907226562 3166.47607421875
3366.29370117188 3367.15625 3367.99365234375 3367.62548828125 3363.0556640625 3356.06225585938 3350.83520507812 3345.55029296875 3338.912109375 3331.67358398438 3325.7587890625 3320.13061523438 3315.111328125 3310.99682617188 3306.70288085938 3300.90625 3293.76586914062 3286.47241210938 3279.85205078125 3274.00610351562 3268.45556640625 3263.58837890625 3258.53295898438 3252.5263671875 3246.5654296875 3241.931640625 3237.6806640625 3232.87768554688 3227.75903320312 3222.85375976562 3217.58813476562 3212.30151367188 3208.28735351562 3205.30639648438 3202.35107421875 3199.259765625 3196.40112304688 3193.14990234375 3189.0966796875 3185.26489257812 3182.35791015625 3179.83471679688 3176.9990234375 3174.23901367188 3172.01147460938 3170.06689453125 3168.40649414062
