MCO_data_requests/covino_4_2_2020/subwatershed_outputs/deadhorse_flow_accumulation_utm_10m.asc
NCOLS 351 
NROWS 164 
XLLCORNER 419971.519902415 
YLLCORNER 4416567.22541033 
CELLSIZE 10 
NODATA_value -3.4e+38 
[rows 84 to 104 of 164, columns 235 to 281 of 351]
1006.41314697266 871.969604492188 841.693481445312 845.635009765625 756.40185546875 603.507446289062 448.804901123047 428.786407470703 361.541442871094 518.185363769531 475.234924316406 434.919677734375 401.516571044922 674.858947753906 826.717834472656 882.740783691406 837.119934082031 878.88525390625 984.507385253906 1010.94036865234 959.612182617188 978.106994628906 1063.69348144531 1085.50476074219 1078.51245117188 1128.75268554688 1210.91284179688 1818.7802734375 208727 7378.76806640625 1628.63562011719 1335.33410644531 1192.87646484375 1187.62097167969 931.606872558594 970.711303710938 941.425964355469 918.243530273438 1027.57189941406 1190.68310546875 1157.18872070312 1102.22448730469 1237.21313476562 1899.00793457031 6963.56201171875 18268.33984375 2548.701171875
1109.78063964844 919.392578125 954.1875 956.044860839844 765.174438476562 592.049438476562 515.37646484375 438.835632324219 416.204223632812 593.912048339844 451.952850341797 445.337768554688 407.930694580078 467.458251953125 722.030151367188 816.152954101562 915.821716308594 898.643188476562 926.616760253906 998.522766113281 1031.88391113281 1001.45361328125 1005.13165283203 1051.99475097656 1139.56579589844 1217.10070800781 1279.97546386719 1518.80261230469 3023.50561523438 215674.8125 4276.5390625 1446.44665527344 1268.33142089844 1144.32824707031 946.845825195312 971.773132324219 1061.4189453125 923.737060546875 920.089233398438 1111.06823730469 1123.20043945312 1062.34240722656 1219.21411132812 1732.69152832031 5255.03759765625 21478.71875 2939.896484375
1220.96765136719 1004.24230957031 1113.83703613281 1058.66845703125 768.726501464844 613.721069335938 577.667419433594 485.262542724609 475.576934814453 607.409912109375 516.189880371094 407.640991210938 426.110473632812 483.150970458984 448.686706542969 775.767028808594 718.705932617188 801.669128417969 892.94921875 966.730895996094 1051.71447753906 1081.24230957031 1048.14709472656 1025.99169921875 1043.20007324219 1102.40246582031 1227.677734375 1505.7470703125 1973.78295898438 3213.0087890625 219222.734375 3684.42993164062 1531.95263671875 1206.71057128906 1013.95910644531 1046.99230957031 1095.22119140625 975.616638183594 942.084289550781 1008.79791259766 976.409240722656 1010.55096435547 1209.58520507812 1666.44116210938 4523.201171875 23737.685546875 3198.0087890625
1342.35595703125 1196.21545410156 1345.41345214844 1131.79113769531 792.143737792969 679.977722167969 647.710632324219 559.080017089844 529.240295410156 593.485595703125 580.137084960938 427.665344238281 442.657196044922 454.58642578125 490.673492431641 501.343872070312 814.3994140625 697.635437011719 766.144348144531 873.29638671875 963.562683105469 1067.3359375 1140.64904785156 1133.3369140625 1133.99255371094 1130.72680664062 1102.4873046875 1137.205078125 1105.4140625 961.401245117188 2294.24829101562 220077.484375 4273.45947265625 1744.34411621094 1250.10961914062 1081.36767578125 1058.14880371094 1029.66516113281 998.4794921875 963.705444335938 878.899963378906 916.989685058594 1169.19311523438 1733.99523925781 3750.74389648438 24294.1796875 4876.77197265625
107523.2578125 1610.26501464844 1578.81665039062 1178.57019042969 871.74755859375 777.935302734375 734.8720703125 637.0205078125 556.990051269531 611.896057128906 614.506591796875 497.6181640625 433.397491455078 421.175994873047 472.153991699219 567.611145019531 611.843627929688 810.939697265625 710.641967773438 792.806823730469 877.5400390625 979.167358398438 1106.30358886719 1204.58764648438 1214.22705078125 1137.82763671875 1092.03527832031 1042.94409179688 1005.73187255859 983.688842773438 1121.65808105469 2662.9970703125 222224.359375 39727.82421875 1827.30297851562 1130.17687988281 1024.36218261719 997.27294921875 1061.85705566406 1054.95947265625 864.474609375 895.473937988281 950.6806640625 1648.79760742188 2819.82202148438 16592.34375 13951.306640625
482772.9375 43949.91796875 1750.70947265625 1270.54284667969 1008.28533935547 907.9501953125 839.519409179688 689.674072265625 590.269165039062 646.774780273438 690.45556640625 518.693298339844 474.824005126953 376.209411621094 422.711608886719 565.099609375 678.906799316406 613.189514160156 847.998718261719 740.939697265625 826.994689941406 855.01806640625 891.833618164062 996.646667480469 1087.33581542969 1089.86413574219 1108.35754394531 1111.87475585938 1059.51391601562 1042.14428710938 1086.65576171875 1260.2998046875 2218.89965820312 188128.34375 40673.109375 1785.56103515625 1234.69213867188 1051.83508300781 1090.35009765625 1170.66931152344 899.3212890625 822.382141113281 993.05810546875 1260.67993164062 1924.02758789062 6782.671875 19103.34375
1675.19604492188 518577.34375 10465.783203125 1442.83386230469 1177.39111328125 1094.01525878906 944.552917480469 747.650146484375 643.052062988281 698.867065429688 754.227416992188 537.444885253906 523.9150390625 401.903137207031 435.685791015625 539.400024414062 607.467041015625 672.464111328125 625.117370605469 829.534362792969 728.386291503906 837.694946289062 821.568115234375 863.922302246094 962.590698242188 1009.75286865234 985.358520507812 1007.63562011719 1007.06500244141 963.817687988281 941.750244140625 902.498229980469 1000.96026611328 1727.05822753906 188407.828125 41635.44140625 1816.98742675781 1235.50744628906 1180.08288574219 1210.49621582031 941.178771972656 833.152404785156 929.945739746094 1238.15197753906 1345.5771484375 2690.60961914062 11881.0322265625
1151.3408203125 2082.5185546875 526340.625 4362.70263671875 1343.421875 1366.89953613281 1045.20373535156 815.1865234375 690.059020996094 741.67626953125 817.369873046875 589.769287109375 591.629699707031 444.36181640625 490.725463867188 578.250549316406 538.50390625 550.491027832031 713.487976074219 675.097839355469 867.835998535156 770.911804199219 883.320983886719 825.635620117188 819.443237304688 923.744873046875 952.356811523438 840.898986816406 854.539672851562 956.995849609375 940.690979003906 876.462768554688 824.860961914062 1030.41357421875 1908.56115722656 197854.765625 36755.88671875 1701.53369140625 1251.59851074219 1265.86706542969 1112.91259765625 956.043701171875 933.683898925781 1120.85131835938 1094.08898925781 1584.27404785156 5391.64111328125
730.862121582031 979.228698730469 84535.4765625 448276.8125 1940.53210449219 1568.0517578125 1110.54504394531 863.950561523438 746.070922851562 802.18212890625 876.615112304688 682.020812988281 627.629516601562 518.322570800781 527.648498535156 602.140625 582.025329589844 537.937072753906 582.885803222656 727.886413574219 705.288330078125 967.835998535156 837.513061523438 869.8310546875 765.608459472656 837.454895019531 941.259460449219 937.300659179688 855.251525878906 815.231628417969 973.146362304688 982.768737792969 908.137817382812 863.779846191406 1048.60485839844 2031.07189941406 200028.84375 32342.74609375 1763.96887207031 1444.59033203125 1324.68395996094 1203.65600585938 1061.03747558594 1113.77758789062 1039.9267578125 993.8427734375 2812.39892578125
606.515075683594 765.507751464844 1323.28125 413535.21875 122168.640625 1573.24719238281 1164.79040527344 920.751098632812 825.933959960938 880.523681640625 902.328857421875 748.484985351562 688.529174804688 602.387084960938 567.4541015625 637.384460449219 643.479553222656 570.86328125 513.328063964844 606.868896484375 859.942932128906 706.648559570312 1031.8056640625 913.072326660156 928.819946289062 764.078491210938 823.40087890625 944.297973632812 952.923950195312 932.90966796875 911.822509765625 1067.03515625 1033.57958984375 953.506774902344 874.92626953125 936.656555175781 2033.91662597656 201148.984375 31651.7578125 1863.96887207031 1998.05395507812 2032.23779296875 1311.46655273438 1129.09594726562 969.367797851562 971.150207519531 2090.39892578125
668.774108886719 844.019104003906 1130.17333984375 1723.97436523438 519677.25 17948.1484375 1332.12780761719 1044.84619140625 915.101440429688 913.098815917969 885.575012207031 821.057800292969 773.263244628906 681.714050292969 612.784912109375 712.0498046875 674.344543457031 565.733276367188 578.403442382812 629.682800292969 789.260437011719 765.260131835938 780.604309082031 1211.07421875 1005.29010009766 873.842712402344 814.432739257812 1003.76116943359 1045.12426757812 897.816162109375 931.240112304688 1031.20031738281 1213.86535644531 1232.35729980469 1123.52233886719 1076.60021972656 931.455871582031 2058.14575195312 202278.6875 216077.375 2085382.25 2822873.25 2972221.5 3009885.5 3014158.5 3017514 3020820
681.157470703125 758.607177734375 826.467895507812 1033.9814453125 79999.2734375 458938.125 2578.23193359375 1163.61767578125 980.056396484375 947.141845703125 900.777038574219 896.047485351562 835.548095703125 750.016052246094 647.29248046875 777.140747070312 764.11572265625 627.190002441406 588.100769042969 665.670288085938 753.876037597656 774.727600097656 881.952270507812 1035.35864257812 1227.79162597656 1013.919921875 910.780700683594 1209.77282714844 1011.72381591797 829.374694824219 962.017456054688 1329.57958984375 1969.40161132812 2121.94580078125 2697.92456054688 535180 2313968.25 2750288 2754678.75 2776021 911153.6875 184623.828125 35751.3984375 3163.70556640625 2345.0576171875 2371.47875976562 2443.97973632812
642.666320800781 631.443481445312 563.879516601562 717.981872558594 1285.08166503906 398383.375 144169.21875 1291.44555664062 1055.9287109375 1024.82043457031 942.317993164062 984.044067382812 909.181213378906 809.572143554688 646.674011230469 834.171508789062 870.622253417969 700.94921875 625.061157226562 716.326232910156 780.919616699219 737.161437988281 912.123596191406 1107.78662109375 1312.97888183594 1200.86352539062 1025.21728515625 1141.55969238281 1157.92126464844 811.280334472656 898.678283691406 1121.80407714844 2624250.75 2733185.5 2737958.75 2210142.5 435441.46875 2805.560546875 2702.72973632812 2748.39404296875 2390.49194335938 2742.92260742188 3433.01245117188 2756.94702148438 2280.10815429688 2426.00146484375 2385.05224609375
731.154235839844 662.55712890625 617.986206054688 663.902160644531 812.57666015625 1193.56213378906 497629.875 46291.6328125 1271.84057617188 1131.07995605469 1071.04077148438 1110.70959472656 978.147705078125 866.880798339844 647.619750976562 837.082763671875 936.874755859375 817.265502929688 716.014282226562 742.3017578125 830.878356933594 831.468872070312 1006.66302490234 1198.24768066406 1300.82470703125 1200.69860839844 1115.89208984375 1257.75695800781 1852.99829101562 1320249.125 2719241.5 2724772.75 107288.0390625 3719.60791015625 3069.150390625 2919.42138671875 2657.87841796875 2446.36328125 2414.185546875 2684.62817382812 2463.9765625 2649.1025390625 3002.46142578125 2519.47338867188 2154.71923828125 2369.671875 2478.64599609375
848.781005859375 811.196411132812 841.465270996094 878.412048339844 875.328369140625 769.587219238281 1293.58520507812 510025.25 35025.41015625 1563.05871582031 1194.98937988281 1166.95666503906 1032.71484375 951.210876464844 697.477844238281 763.546936035156 966.802124023438 853.793334960938 864.712524414062 925.80517578125 999.657897949219 907.753173828125 1097.0732421875 1599.201171875 163951.890625 1384586.375 2375588 2693163.5 2708225.75 1398292 4153.126953125 4007.33715820312 3200.3935546875 3267.88940429688 2755.16064453125 2751.66284179688 2456.89794921875 2285.89501953125 2217.328125 2582.32348632812 2527.08642578125 2604.66040039062 2699.08129882812 2337.43408203125 2113.98461914062 2297.33032226562 2524.390625
753.961975097656 826.001159667969 908.6337890625 871.4912109375 795.589782714844 823.453430175781 991.604431152344 26552.859375 503097.59375 22470.46875 1464.30090332031 1139.36047363281 1128.85803222656 1028.74963378906 760.054565429688 748.989990234375 891.670043945312 885.771484375 1268.70861816406 1665074.625 2654412 2657225 2659917.75 2663918 2508576.25 1296369.875 316619.71875 12146.876953125 7509.27490234375 3718.45556640625 3345.560546875 3646.52978515625 2953.78466796875 3212.20434570312 2583.10961914062 2596.89404296875 2369.56005859375 2174.00927734375 2101.01147460938 2492.81640625 2599.14501953125 2563.47094726562 2480.1953125 2288.16796875 2093.2880859375 2208.44262695312 2549.72094726562
827.41796875 828.774475097656 917.680847167969 950.902648925781 830.549926757812 828.950988769531 845.4990234375 1143.50805664062 96275.625 442734.3125 15099.8974609375 1367.01416015625 1206.451171875 1060.04443359375 901.11572265625 913.6748046875 1343.740234375 1192108.25 2646572 987845.6875 2038.95642089844 1753.40612792969 2433.80786132812 4030.59130859375 6449.9375 8561.70703125 11037.689453125 9699.3564453125 5446.12646484375 3026.50732421875 2965.16479492188 3285.11303710938 2993.28271484375 3033.18310546875 2560.900390625 2474.80346679688 2325.58862304688 2073.89770507812 2050.74584960938 2439.03149414062 2595.88427734375 2545.11279296875 2417.5361328125 2325.86279296875 1998.65051269531 2175.390625 2520.27026367188
768.522338867188 905.540161132812 794.904113769531 900.685424804688 988.581726074219 789.358520507812 860.974975585938 825.501647949219 3572.75952148438 138707.765625 396120.0625 28630.46875 9435.9462890625 94822.671875 1838972.625 2623690.75 2638784 1453077 3185.93872070312 2258.74340820312 1895.18908691406 1967.40344238281 2689.697265625 4853.16748046875 7594.78125 9054.1787109375 10337.7021484375 7970.68994140625 3933.73266601562 2708.19091796875 2798.99609375 2958.95361328125 2973.99755859375 2879.34887695312 2605.021484375 2388.05151367188 2322.78125 1974.48059082031 1981.76989746094 2466.88427734375 2567.32666015625 2503.12036132812 2411.27807617188 2270.89306640625 1976.20483398438 2189.45874023438 2355.7451171875
727.136596679688 800.054077148438 892.20458984375 844.764709472656 937.107543945312 1210.95715332031 931.211547851562 923.501770019531 1015.05108642578 4404.46142578125 1748170.125 2542599.25 2568645 2502715.75 783759.6875 12315.861328125 4365.77734375 2688.8193359375 2731.95043945312 2326.04223632812 2193.1435546875 2365.93579101562 2983.79956054688 5638.95849609375 8803.75390625 9580.1689453125 8833.826171875 5740.080078125 3114.01196289062 2564.11938476562 2579.37109375 2831.00708007812 2940.14428710938 2729.64135742188 2526.43310546875 2310.59130859375 2283.22534179688 1985.9609375 1974.29541015625 2463.46997070312 2531.1025390625 2459.5244140625 2360.21459960938 2159.587890625 2005.24365234375 2179.88842773438 2162.70239257812
966.653564453125 724.497863769531 820.36474609375 973.232482910156 1329.16857910156 1582.68408203125 1953.66711425781 1750554.25 2008275.625 2012114 448229.5 4402.32177734375 11107.962890625 22452.107421875 18374.30859375 7698.32763671875 3163.716796875 2242.80859375 2429.5615234375 2342.21215820312 2782.67553710938 2488.68579101562 3410.50146484375 6742.61572265625 10742.8193359375 9081.80078125 6014.1630859375 4071.1982421875 2881.0205078125 2456.47314453125 2455.82373046875 2694.24169921875 2869.46728515625 2615.53637695312 2439.17041015625 2213.99462890625 2230.00219726562 1961.90393066406 2113.47119140625 2427.89868164062 2481.55322265625 2392.36547851562 2223.80151367188 2061.74438476562 2019.31298828125 2142.31884765625 2063.37451171875
970.908447265625 993.4736328125 922.990112304688 180350.859375 1993903.125 1998012.75 2001271.5 256591.59375 3020.65380859375 2800.859375 2961.23486328125 4577.1259765625 12647.935546875 24785.62109375 15552.892578125 5429.62548828125 2668.56176757812 2085.38037109375 2206.69262695312 2539.58984375 2956.64208984375 2554.32177734375 3844.39086914062 8282.064453125 11535.0244140625 7427.76953125 4301.92431640625 3262.56176757812 2729.57739257812 2324.68872070312 2337.84912109375 2624.2041015625 2740.4990234375 2503.83032226562 2393.7509765625 2115.22607421875 2196.00390625 1926.09460449219 2209.62133789062 2429.88793945312 2400.86791992188 2266.24096679688 2108.5029296875 1958.75927734375 1950.22351074219 2095.32543945312 2075.74340820312
