MCO_data_requests/covino_4_2_2020/subwatershed_outputs/deadhorse_flow_accumulation_utm_10m.asc
NCOLS 351 
NROWS 164 
XLLCORNER 419971.519902415 
YLLCORNER 4416567.22541033 
CELLSIZE 10 
NODATA_value -3.4e+38 
[rows 63 to 83 of 164, columns 0 to 46 of 351]
-3.4e+38 -3.4e+38 -3.4e+38 -3.4e+38 100 100 237.196304321289 478.364074707031 722.893798828125 657.287536621094 647.201782226562 559.780883789062 510.90087890625 612.507934570312 467.573883056641 415.756378173828 427.157073974609 446.020751953125 487.749389648438 484.367950439453 498.786590576172 539.360595703125 575.80810546875 629.363403320312 662.676696777344 717.327941894531 795.051574707031 924.101928710938 1191.39367675781 2090.697265625 6483.24951171875 7171.47607421875 3814.767578125 1578.69616699219 938.887390136719 797.444763183594 716.915771484375 668.956420898438 649.275817871094 624.01513671875 633.512756347656 650.214965820312 658.77490234375 702.259338378906 750.38720703125 766.66943359375 779.874633789062
-3.4e+38 -3.4e+38 -3.4e+38 -3.4e+38 100 100 250.792861938477 423.585571289062 430.379333496094 537.303039550781 514.478454589844 432.677978515625 473.653015136719 388.140960693359 364.451538085938 375.057434082031 368.305603027344 399.2060546875 415.825225830078 462.498992919922 524.4091796875 563.897644042969 557.073608398438 572.395446777344 634.867431640625 687.0869140625 698.5849609375 695.060424804688 867.570129394531 1154.24572753906 2337.13842773438 6752.40380859375 7968.94677734375 4143.32373046875 1876.16027832031 1231.97082519531 986.650390625 790.89501953125 783.798950195312 777.528442382812 700.306396484375 750.1376953125 785.603698730469 793.676818847656 875.005615234375 925.608032226562 914.548767089844
-3.4e+38 -3.4e+38 -3.4e+38 -3.4e+38 100 114.694557189941 268.829132080078 313.2724609375 395.783325195312 435.356811523438 385.901489257812 393.034729003906 299.991027832031 290.364044189453 299.813690185547 292.333984375 323.482421875 349.223876953125 372.079864501953 453.146209716797 537.797607421875 578.802124023438 635.399047851562 687.019775390625 678.175476074219 600.909729003906 470.919097900391 591.188171386719 732.405700683594 886.868408203125 1176.66516113281 2087.2978515625 6257.34619140625 8963.4208984375 4884.28857421875 2614.31591796875 1524.533203125 1196.45068359375 925.421997070312 902.132690429688 921.194274902344 876.939392089844 942.755004882812 959.677612304688 959.037780761719 1116.74816894531 1230.865234375
-3.4e+38 -3.4e+38 -3.4e+38 -3.4e+38 100 151.770980834961 211.082977294922 261.535400390625 366.412384033203 319.914581298828 301.352874755859 263.768676757812 267.793426513672 320.285583496094 319.874755859375 288.420257568359 296.063171386719 364.734588623047 425.977264404297 454.740631103516 496.444366455078 583.642578125 622.287658691406 552.201782226562 545.982482910156 598.009521484375 670.240478515625 684.306335449219 754.037902832031 844.536682128906 968.170471191406 1200.82250976562 1932.29943847656 5717.9794921875 9278.76171875 6054.2392578125 3954.26489257812 2125.99951171875 1754.44738769531 1234.88854980469 1102.63159179688 1188.91137695312 1162.08764648438 1222.19958496094 1297.20825195312 1306.00610351562 1456.22924804688
-3.4e+38 -3.4e+38 -3.4e+38 -3.4e+38 100 127.917007446289 196.472366333008 266.412384033203 268.666442871094 263.916168212891 241.04313659668 214.678405761719 253.193237304688 270.069915771484 302.985534667969 364.986541748047 425.905700683594 454.739624023438 506.668426513672 569.405151367188 626.629821777344 683.645263671875 725.900329589844 709.509094238281 676.31103515625 661.468627929688 741.33984375 845.050415039062 857.732299804688 875.955505371094 951.69970703125 1072.38879394531 1242.23803710938 2039.01159667969 5602.7353515625 9735.1650390625 9822.392578125 8018.80322265625 5216.66015625 4206.76025390625 3206.96069335938 2387.44995117188 2394.28369140625 2665.73217773438 2844.57055664062 2958.62377929688 4627.08056640625
-3.4e+38 -3.4e+38 -3.4e+38 -3.4e+38 100 102.973892211914 187.827865600586 212.70036315918 216.227203369141 220.833251953125 243.237884521484 300.451965332031 360.645599365234 424.654663085938 489.755828857422 469.968933105469 399.888336181641 431.613677978516 462.426483154297 431.333221435547 433.979888916016 419.248596191406 471.183074951172 695.119934082031 818.516418457031 841.822326660156 884.649963378906 980.59619140625 1078.08288574219 1207.64379882812 1200.8720703125 1182.10339355469 1284.40869140625 1480.69262695312 2123.95751953125 4810.76904296875 8395.8935546875 11046.4912109375 12914.1435546875 13565.3232421875 13789.3935546875 13807.9921875 15504.330078125 20930.703125 34777.83203125 48358.96875 55079.86328125
-3.4e+38 -3.4e+38 -3.4e+38 -3.4e+38 100 100 161.561767578125 199.537582397461 229.858139038086 295.015441894531 352.712829589844 351.025787353516 366.335327148438 381.021484375 385.675537109375 441.887268066406 471.297882080078 388.001281738281 360.728851318359 438.192932128906 482.061004638672 451.114227294922 480.880157470703 598.502807617188 747.825073242188 905.202392578125 993.017028808594 1132.36572265625 1344.13171386719 1601.4345703125 1899.689453125 2092.52685546875 2031.70581054688 1933.0732421875 2228.45336914062 2984.5859375 5099.82568359375 8606.52734375 12459.48046875 17258.19140625 24986.703125 32114.837890625 37522.890625 39990.421875 33560.6640625 23426.900390625 17106.95703125
-3.4e+38 -3.4e+38 -3.4e+38 -3.4e+38 100 100 188.108322143555 251.35693359375 327.515014648438 328.894561767578 324.994445800781 367.907135009766 341.264495849609 339.084869384766 384.101593017578 432.745727539062 522.034912109375 527.079162597656 466.800354003906 465.302276611328 500.231842041016 612.257385253906 704.479858398438 721.85595703125 785.215393066406 1112.76330566406 1598.912109375 1900.6337890625 1974.65673828125 2089.47290039062 2508.63134765625 3057.16162109375 3765.32446289062 4711.708984375 6772.2724609375 9957.72265625 12652.736328125 15711.4833984375 18338.56640625 19212.921875 17620.67578125 16158.9892578125 12716.0400390625 7917.00830078125 3173.28540039062 1827.7724609375 1659.92834472656
-3.4e+38 -3.4e+38 -3.4e+38 -3.4e+38 100 100 159.528167724609 246.025497436523 285.486022949219 368.850341796875 440.115081787109 435.929595947266 454.705200195312 474.312103271484 475.090789794922 509.785522460938 542.537414550781 593.065002441406 636.809997558594 662.477905273438 658.068237304688 798.241455078125 1005.83935546875 1289.73474121094 1666.5458984375 4356.9931640625 8454.8681640625 10732.6630859375 12428.8291015625 14027.2197265625 14830.720703125 15501.4208984375 16327.052734375 17145.9140625 16751.201171875 15153.27734375 13303.7685546875 11358.3740234375 9542.919921875 7905.93017578125 5859.8466796875 3989.91235351562 2930.27221679688 1900.57067871094 1319.64123535156 1195.22106933594 1103.90637207031
-3.4e+38 -3.4e+38 -3.4e+38 -3.4e+38 442.148864746094 100 100 194.665908813477 297.404113769531 381.984558105469 462.492462158203 530.2900390625 603.26025390625 662.136840820312 654.982299804688 642.360900878906 647.704833984375 844.929809570312 1099.16760253906 1415.30871582031 1787.12878417969 4617.74951171875 9450.720703125 12891.662109375 15277.265625 14131.775390625 10842.7001953125 9220.6044921875 8378.2626953125 7588.810546875 7244.900390625 6923.85400390625 6558.15869140625 6095.314453125 5505.81494140625 4849.9931640625 4154.99853515625 3566.38134765625 3092.06274414062 2482.2197265625 2016.67724609375 1680.26586914062 1360.57763671875 1220.1181640625 1079.06970214844 908.899230957031 783.080932617188
-3.4e+38 -3.4e+38 -3.4e+38 -3.4e+38 100 142.148864746094 122.096061706543 205.414962768555 297.936553955078 404.200592041016 505.144012451172 623.646423339844 708.99072265625 800.360229492188 880.705749511719 1186.07727050781 1672.48266601562 4643.84765625 9548.009765625 11640.9892578125 12589.91796875 10808.732421875 6780.08935546875 3995.5673828125 2185.75170898438 1431.97875976562 1259.72729492188 1217.32153320312 1144.26733398438 1128.85278320312 1207.44653320312 1320.53869628906 1478.92333984375 1658.27612304688 1719.80871582031 1730.29748535156 1833.89282226562 1795.81909179688 1625.44421386719 1519.43395996094 1401.95031738281 1096.17858886719 1087.28527832031 1005.23388671875 867.337890625 813.570678710938 695.506591796875
-3.4e+38 -3.4e+38 -3.4e+38 100 100 157.851135253906 252.359817504883 365.119995117188 480.176788330078 576.982299804688 692.510070800781 973.109741210938 1409.90637207031 2334.62646484375 4236.55419921875 6269.869140625 7663.3232421875 6242.69580078125 2438.73559570312 1071.12951660156 732.474731445312 520.927673339844 476.855895996094 423.023040771484 431.944274902344 465.692993164062 507.4853515625 545.451965332031 622.4794921875 696.513671875 816.702392578125 994.362731933594 1136.2802734375 1195.61413574219 1245.96533203125 1316.53479003906 1338.83776855469 1268.07275390625 1229.98083496094 1210.89208984375 1033.25903320312 955.130187988281 856.655212402344 785.422119140625 792.227172851562 700.87060546875 652.012878417969
-3.4e+38 -3.4e+38 -3.4e+38 449.190338134766 100 100 193.911605834961 310.024078369141 500.151245117188 782.127685546875 1142.099609375 1572.06994628906 2282.26977539062 3086.16333007812 2894.71313476562 1831.59484863281 1167.13366699219 644.64794921875 398.631530761719 328.201293945312 316.216979980469 332.777038574219 265.609191894531 296.907012939453 315.439605712891 323.894470214844 331.715942382812 419.735992431641 505.857421875 579.152709960938 648.013916015625 743.847351074219 821.759765625 938.330749511719 1029.35632324219 1058.28088378906 1110.9189453125 1105.67456054688 1071.04553222656 988.375 957.737243652344 888.66064453125 739.988586425781 692.449829101562 636.654602050781 555.969848632812 552.1572265625
-3.4e+38 -3.4e+38 -3.4e+38 100 149.190338134766 111.906852722168 202.611328125 298.422729492188 436.580261230469 640.565612792969 980.770385742188 1406.57568359375 1626.1416015625 1148.88757324219 585.516235351562 474.482147216797 414.747009277344 337.48046875 244.032287597656 216.21696472168 211.094451904297 160.69775390625 239.160736083984 255.255767822266 281.916748046875 304.414276123047 337.640441894531 376.106750488281 418.1494140625 476.729400634766 560.310974121094 640.269348144531 734.535583496094 821.325500488281 924.507690429688 982.948669433594 944.497985839844 910.521911621094 892.28125 898.590270996094 852.900390625 695.117065429688 581.690002441406 506.962310791016 400.475830078125 405.919036865234 448.179016113281
-3.4e+38 -3.4e+38 100 100 163.908081054688 250.629211425781 345.739959716797 442.204528808594 558.653137207031 746.41259765625 928.78857421875 943.485534667969 690.51806640625 459.938201904297 376.868377685547 282.176910400391 249.045989990234 157.466583251953 146.839691162109 157.753479003906 154.962188720703 192.540420532227 194.414260864258 239.933227539062 263.039459228516 284.537567138672 328.032592773438 351.5048828125 351.409362792969 435.8583984375 533.965148925781 596.365356445312 638.930114746094 704.364501953125 772.447875976562 769.238830566406 763.089233398438 759.503540039062 776.25048828125 769.322448730469 647.051147460938 573.352783203125 494.177520751953 364.358062744141 297.263488769531 314.780578613281 366.675903320312
-3.4e+38 -3.4e+38 100 100 188.967559814453 283.131469726562 374.588775634766 473.644104003906 561.359252929688 632.629455566406 590.048950195312 432.609802246094 337.169769287109 285.900329589844 197.765228271484 171.745727539062 130.871978759766 173.090713500977 201.434875488281 224.875854492188 257.021667480469 185.381332397461 220.09716796875 270.544342041016 314.435577392578 344.633972167969 378.594024658203 419.530883789062 477.388763427734 470.538848876953 469.815887451172 519.610473632812 567.748046875 593.917419433594 570.490234375 602.595520019531 656.364074707031 710.775085449219 688.610168457031 570.31201171875 496.037567138672 451.577667236328 509.209930419922 520.150451660156 511.905944824219 540.88525390625 592.010131835938
-3.4e+38 -3.4e+38 100 100 194.483779907227 270.490325927734 341.468963623047 425.271667480469 481.06298828125 417.151794433594 312.021789550781 244.667236328125 208.714553833008 192.015701293945 189.927505493164 189.366577148438 223.464630126953 123.480895996094 155.697814941406 190.636596679688 197.376052856445 313.674224853516 247.118118286133 227.331024169922 227.378982543945 242.490966796875 272.992858886719 291.102233886719 314.103851318359 381.415008544922 441.510192871094 454.432006835938 457.883941650391 428.002655029297 514.523010253906 543.816162109375 590.98828125 629.802917480469 565.830322265625 496.838897705078 443.727966308594 497.636840820312 519.532043457031 485.037719726562 432.881164550781 431.210174560547 446.641906738281
-3.4e+38 -3.4e+38 100 100 176.544464111328 240.705749511719 290.251892089844 314.832458496094 358.217071533203 376.781127929688 364.522277832031 362.718505859375 301.272369384766 249.486358642578 185.804397583008 172.694473266602 178.6220703125 303.415557861328 222.363189697266 249.581115722656 283.916412353516 304.374114990234 406.384033203125 372.450622558594 334.239471435547 314.095611572266 327.555877685547 353.626800537109 363.922546386719 367.475311279297 423.778625488281 499.816375732422 534.292053222656 526.581848144531 471.281097412109 555.296142578125 622.384704589844 463.948394775391 525.927673339844 593.888549804688 643.392333984375 648.033569335938 685.893981933594 731.524169921875 764.609130859375 752.383911132812 761.245788574219
-3.4e+38 -3.4e+38 100 100 167.81916809082 222.438507080078 288.680541992188 318.529968261719 271.981719970703 235.957305908203 209.681365966797 218.554428100586 256.043579101562 247.793716430664 314.057189941406 292.141510009766 285.018737792969 292.467895507812 401.401336669922 324.392700195312 345.542419433594 372.436859130859 409.466735839844 509.668579101562 507.471527099609 481.463684082031 444.333129882812 468.055206298828 509.139923095703 540.566101074219 613.04150390625 654.091430664062 637.807067871094 612.96533203125 661.120483398438 1020.56884765625 896.632568359375 869.068237304688 2167.42431640625 2385.64306640625 2392.46166992188 2446.3701171875 2382.80493164062 2346.33227539062 2403.18188476562 2510.2578125 2722.27612304688
-3.4e+38 -3.4e+38 400.706207275391 100 159.086608886719 286.446929931641 328.220733642578 365.661315917969 390.435516357422 356.034912109375 321.641448974609 305.403747558594 326.875335693359 364.529693603516 340.331878662109 432.911956787109 418.014862060547 373.618591308594 372.956390380859 509.204711914062 468.967102050781 471.484619140625 510.641723632812 545.467163085938 682.777587890625 738.05517578125 739.611938476562 767.271057128906 836.874877929688 896.779846191406 955.048583984375 1059.15197753906 1163.24609375 1301.48474121094 3433.107421875 8415.4248046875 14509.3037109375 22237.408203125 28331.8125 34013.91796875 39797.0625 42895.28125 44817.3125 47202.16796875 49633.31640625 51864.44140625 54265.2109375
-3.4e+38 100 100.706207275391 100 100 249.592041015625 359.102233886719 418.046936035156 469.505828857422 495.109619140625 469.428253173828 452.289855957031 467.680541992188 464.575805664062 510.039520263672 538.069641113281 599.806701660156 523.023803710938 512.02294921875 571.91064453125 715.666076660156 784.540161132812 820.976440429688 878.705139160156 1033.03601074219 1263.61401367188 1527.54736328125 1840.59387207031 2839.33569335938 4036.67138671875 5797.71337890625 10500.3505859375 18000.625 26134.05078125 30565.41796875 30432.6015625 29745.140625 26225.177734375 20904.890625 16657.279296875 12528.9990234375 10593.32421875 9899.2783203125 8979.798828125 8006.8125 7491.4052734375 7477.11474609375
