MCO_data_requests/covino_4_2_2020/subwatershed_outputs/deadhorse_dem_utm_10m.asc
NCOLS 351 
NROWS 164 
XLLCORNER 419971.519902415 
YLLCORNER 4416567.22541033 
CELLSIZE 10 
NODATA_value -3.4e+38 
[rows 84 to 104 of 164, columns 0 to 46 of 351]
-3.4e+38 3527.56884765625 3523.765625 3515.13647460938 3503.07202148438 3494.0654296875 3488.35546875 3481.54541015625 3474.42993164062 3468.4248046875 3462.20849609375 3454.60571289062 3446.50415039062 3438.44311523438 3430.54174804688 3423.79370117188 3417.86401367188 3412.046875 3405.52026367188 3399.42602539062 3393.50732421875 3388.74560546875 3383.64038085938 3378.4677734375 3375.3984375 3371.75268554688 3367.2470703125 3364.009765625 3361.2373046875 3357.80419921875 3353.73950195312 3349.474609375 3345.50219726562 3342.162109375 3339.38745117188 3336.66357421875 3334.08642578125 3331.3525390625 3327.52172851562 3323.07934570312 3319.39453125 3315.13745117188 3310.37182617188 3306.65087890625 3304.01293945312 3301.61572265625 3299.08227539062
-3.4e+38 3528.22436523438 3523.525390625 3512.48071289062 3499.62622070312 3492.13842773438 3485.58544921875 3478.17944335938 3470.42260742188 3463.94873046875 3457.93115234375 3450.05981445312 3442.62182617188 3435.16088867188 3428.18603515625 3422.19580078125 3415.84155273438 3409.9892578125 3403.7607421875 3398.55908203125 3393.22485351562 3389.09497070312 3384.38110351562 3379.474609375 3376.40502929688 3372.85693359375 3368.56640625 3365.27978515625 3362.46337890625 3359.07177734375 3354.89794921875 3350.84521484375 3347.27587890625 3343.90209960938 3340.72778320312 3337.92138671875 3335.34912109375 3332.56860351562 3328.8984375 3324.591796875 3320.77172851562 3316.4443359375 3311.7548828125 3307.8759765625 3305.02124023438 3302.74047851562 3300.63452148438
3530.15380859375 3528.79223632812 3523.98608398438 3513.56176757812 3500.77905273438 3492.45825195312 3485.02783203125 3477.48852539062 3470.16479492188 3463.68286132812 3458.05615234375 3451.34790039062 3444.65478515625 3438.00854492188 3431.89208984375 3425.74755859375 3419.27026367188 3413.50537109375 3407.41137695312 3401.67456054688 3396.54052734375 3392.36059570312 3387.80541992188 3382.9677734375 3379.2021484375 3375.59643554688 3371.44189453125 3367.6943359375 3364.61450195312 3361.177734375 3356.83056640625 3352.80102539062 3349.3837890625 3345.87231445312 3342.3515625 3339.34594726562 3336.59423828125 3333.4404296875 3329.73120117188 3325.6982421875 3321.8212890625 3317.55932617188 3313.09716796875 3309.25756835938 3306.376953125 3304.22265625 3302.52075195312
3530.75952148438 3529.35522460938 3525.052734375 3517.19750976562 3506.109375 3495.98779296875 3488.34692382812 3481.2607421875 3474.353515625 3468.09448242188 3462.44775390625 3456.93774414062 3451.17651367188 3445.130859375 3439.01293945312 3432.65380859375 3426.18505859375 3420.25659179688 3413.95581054688 3407.38305664062 3401.6220703125 3396.97143554688 3392.28515625 3387.39379882812 3383.08471679688 3379.19409179688 3374.97290039062 3370.86352539062 3367.43334960938 3363.84594726562 3359.44750976562 3355.25366210938 3351.74243164062 3348.0693359375 3344.22216796875 3340.88427734375 3337.91674804688 3334.46533203125 3330.56079101562 3326.61694335938 3322.78857421875 3318.64038085938 3314.53686523438 3311.08813476562 3308.41943359375 3306.25732421875 3304.77465820312
3531.09326171875 3529.69262695312 3526.06494140625 3519.79565429688 3510.86596679688 3501.78564453125 3494.2587890625 3486.99877929688 3480.64404296875 3475.42456054688 3469.99243164062 3464.1455078125 3458.60522460938 3453.02416992188 3446.88500976562 3440.544921875 3434.0869140625 3427.6640625 3421.10864257812 3414.318359375 3407.8603515625 3402.25830078125 3397.01171875 3392.0498046875 3387.6044921875 3383.36083984375 3378.8046875 3374.47485351562 3370.75830078125 3367.00903320312 3362.61083984375 3358.171875 3354.33081054688 3350.45532226562 3346.40478515625 3342.71899414062 3339.46362304688 3335.71948242188 3331.47485351562 3327.47875976562 3323.67919921875 3319.59375 3315.88354492188 3313.18701171875 3311.11010742188 3309.38598632812 3308.57177734375
-3.4e+38 3529.61840820312 3526.69897460938 3521.31494140625 3514.03540039062 3506.9755859375 3500.07275390625 3492.91479492188 3486.85400390625 3482.3427734375 3477.767578125 3472.24243164062 3466.47143554688 3460.8388671875 3454.43286132812 3447.92602539062 3441.61352539062 3435.12524414062 3428.28051757812 3421.5341796875 3415.10180664062 3408.63891601562 3402.11352539062 3396.71264648438 3392.333984375 3387.95922851562 3383.005859375 3378.37109375 3374.42822265625 3370.47485351562 3366.01611328125 3361.47094726562 3357.27856445312 3353.07958984375 3348.84765625 3344.92993164062 3341.39208984375 3337.27197265625 3332.5625 3328.3662109375 3324.6181640625 3320.56958007812 3317.115234375 3315.25439453125 3314.15234375 3313.5166015625 3313.814453125
-3.4e+38 3528.8408203125 3526.38037109375 3521.92749023438 3516.16137695312 3510.56225585938 3504.68090820312 3498.27099609375 3492.47338867188 3488.06884765625 3483.9443359375 3479.32568359375 3474.2490234375 3468.56689453125 3461.70336914062 3454.90795898438 3448.63647460938 3442.2939453125 3435.27709960938 3428.51245117188 3422.26831054688 3415.61108398438 3408.08203125 3401.63549804688 3397.05737304688 3392.69409179688 3387.6142578125 3382.64501953125 3378.41186523438 3374.21020507812 3369.67138671875 3365.1318359375 3360.70141601562 3356.05126953125 3351.51806640625 3347.4765625 3343.68286132812 3339.15478515625 3333.8701171875 3329.39184570312 3326.00048828125 3322.29541015625 3319.1044921875 3317.99340820312 3317.83837890625 3318.21655273438 3319.24877929688
-3.4e+38 3527.357421875 3525.48022460938 3521.98974609375 3517.42993164062 3512.8759765625 3507.9072265625 3502.31787109375 3497.13940429688 3492.7978515625 3488.8330078125 3484.8115234375 3480.57739257812 3475.56640625 3468.92431640625 3461.84204101562 3455.46923828125 3449.08618164062 3441.93212890625 3434.99291992188 3428.59350585938 3422.00317382812 3414.48828125 3407.22680664062 3401.97705078125 3397.38208007812 3392.35961914062 3387.33911132812 3382.81079101562 3378.28759765625 3373.57104492188 3368.99584960938 3364.55688476562 3359.57250976562 3354.61181640625 3350.41357421875 3346.3837890625 3341.51489257812 3335.77978515625 3330.953125 3327.83715820312 3324.92822265625 3322.58203125 3322.09033203125 3322.541015625 3323.47900390625 3324.78759765625
-3.4e+38 -3.4e+38 3523.97924804688 3521.25610351562 3517.64282226562 3514.1650390625 3510.01831054688 3504.95678710938 3500.34741210938 3496.373046875 3492.6865234375 3489.16430664062 3485.3994140625 3481.06958007812 3475.4521484375 3468.67797851562 3462.1396484375 3455.693359375 3448.28198242188 3441.14672851562 3434.70190429688 3427.96435546875 3420.4580078125 3413.22900390625 3407.33984375 3402.15747070312 3397.14038085938 3392.41015625 3387.70532226562 3382.783203125 3377.74755859375 3373.05053710938 3368.64624023438 3363.61279296875 3358.357421875 3353.86596679688 3349.60791015625 3344.51782226562 3338.833984375 3334.0244140625 3330.55322265625 3327.96899414062 3326.76123046875 3326.91455078125 3327.91625976562 3329.39233398438 3330.912109375
-3.4e+38 -3.4e+38 -3.4e+38 3519.61181640625 3516.94458007812 3514.31762695312 3510.96435546875 3506.5693359375 3502.4580078125 3499.0634765625 3495.63989257812 3492.30712890625 3488.90063476562 3485.1015625 3480.47998046875 3474.716796875 3468.50708007812 3462.1767578125 3454.51806640625 3447.15869140625 3441.08178710938 3434.41674804688 3426.31298828125 3418.95263671875 3412.98754882812 3407.28393554688 3402.35791015625 3398.10913085938 3393.1865234375 3387.79125976562 3382.32202148438 3377.37866210938 3372.88061523438 3367.85961914062 3362.5478515625 3357.82177734375 3353.400390625 3348.2216796875 3342.96997070312 3338.80810546875 3335.41259765625 3333.03198242188 3332.50805664062 3333.4130859375 3334.78735351562 3336.32177734375 3337.62475585938
-3.4e+38 -3.4e+38 -3.4e+38 -3.4e+38 3515.4912109375 3513.47729492188 3510.87353515625 3507.396484375 3503.89575195312 3501.02392578125 3497.7919921875 3494.40795898438 3491.27221679688 3488.11547851562 3483.99584960938 3479.00073242188 3473.75390625 3467.92626953125 3460.4189453125 3452.8388671875 3447.05053710938 3441.14184570312 3432.95458984375 3424.74560546875 3418.56640625 3412.81127929688 3408.08227539062 3404.20849609375 3399.41430664062 3393.55151367188 3387.41943359375 3382.1171875 3377.37084960938 3372.1826171875 3366.82934570312 3361.97290039062 3357.48461914062 3352.44946289062 3347.50952148438 3344.06518554688 3341.78735351562 3340.70532226562 3340.85766601562 3341.58325195312 3342.35205078125 3343.04833984375 3343.53955078125
-3.4e+38 -3.4e+38 -3.4e+38 -3.4e+38 -3.4e+38 3512.06298828125 3510.09204101562 3507.35961914062 3504.4775390625 3502.01123046875 3499.0166015625 3495.78198242188 3492.892578125 3490.18676757812 3486.45922851562 3481.82690429688 3477.44921875 3472.36840820312 3465.4765625 3458.20532226562 3452.3134765625 3447.00146484375 3440.1103515625 3431.8359375 3424.7587890625 3418.73413085938 3413.80737304688 3409.80908203125 3405.80688476562 3400.18090820312 3393.30981445312 3387.30859375 3382.24243164062 3376.82739257812 3371.23876953125 3366.1953125 3361.65185546875 3356.78515625 3352.30053710938 3349.58959960938 3348.03686523438 3347.48193359375 3347.5029296875 3347.54956054688 3347.671875 3347.7099609375 3347.56396484375
-3.4e+38 -3.4e+38 -3.4e+38 -3.4e+38 -3.4e+38 -3.4e+38 3508.81225585938 3506.671875 3504.34252929688 3502.18383789062 3499.54711914062 3496.5556640625 3493.86645507812 3491.3857421875 3488.068359375 3483.88256835938 3480.087890625 3475.76904296875 3469.52197265625 3462.8955078125 3457.12817382812 3451.71459960938 3446.1240234375 3439.63696289062 3432.37548828125 3425.35766601562 3419.55590820312 3415.15698242188 3411.4296875 3406.57153320312 3399.78100585938 3393.10913085938 3387.53955078125 3381.82373046875 3376.03686523438 3370.79541015625 3366.16967773438 3361.70239257812 3357.5693359375 3354.98217773438 3353.44555664062 3352.40502929688 3351.73828125 3351.50244140625 3351.40087890625 3351.251953125 3350.96508789062
-3.4e+38 -3.4e+38 -3.4e+38 -3.4e+38 -3.4e+38 -3.4e+38 -3.4e+38 3505.64990234375 3503.8330078125 3501.95825195312 3499.63720703125 3496.89282226562 3494.44067382812 3492.03295898438 3489.03784179688 3485.3916015625 3481.80541992188 3477.9609375 3472.51196289062 3466.4306640625 3461.06103515625 3455.76684570312 3450.57641601562 3445.59106445312 3439.98950195312 3432.81323242188 3425.78344726562 3420.669921875 3416.76879882812 3412.14379882812 3405.79174804688 3399.11572265625 3393.00732421875 3386.85229492188 3380.9921875 3375.94482421875 3371.37451171875 3367.17236328125 3363.3779296875 3360.5791015625 3358.69970703125 3357.2900390625 3356.2958984375 3355.76611328125 3355.34838867188 3354.9921875 3354.46508789062
-3.4e+38 -3.4e+38 -3.4e+38 -3.4e+38 -3.4e+38 -3.4e+38 -3.4e+38 -3.4e+38 3502.99926757812 3501.34692382812 3499.20581054688 3496.79858398438 3494.60205078125 3492.37548828125 3489.712890625 3486.427734375 3482.89379882812 3479.29321289062 3474.53979492188 3468.89526367188 3463.794921875 3458.92895507812 3454.22509765625 3449.765625 3445.38061523438 3439.81201171875 3432.6279296875 3426.34716796875 3421.92651367188 3417.060546875 3410.6669921875 3404.3046875 3398.21826171875 3391.5732421875 3385.62158203125 3380.857421875 3376.50659179688 3372.29907226562 3368.66235351562 3366.03002929688 3364.15014648438 3362.55322265625 3361.27709960938 3360.37182617188 3359.59130859375 3358.76171875 3357.6044921875
-3.4e+38 -3.4e+38 -3.4e+38 -3.4e+38 -3.4e+38 -3.4e+38 -3.4e+38 -3.4e+38 -3.4e+38 -3.4e+38 3498.36865234375 3496.25390625 3494.23754882812 3492.2939453125 3489.861328125 3486.81713867188 3483.5234375 3480.2275390625 3475.98950195312 3470.689453125 3465.69555664062 3461.18823242188 3456.904296875 3452.7822265625 3448.84375 3444.576171875 3439.130859375 3432.61889648438 3426.759765625 3420.90698242188 3414.31689453125 3408.28979492188 3402.6103515625 3396.03271484375 3389.9501953125 3385.27783203125 3381.12939453125 3377.10473632812 3373.61962890625 3371.03149414062 3369.02001953125 3367.35522460938 3365.98071289062 3364.81323242188 3363.63793945312 3362.33666992188 3360.60107421875
-3.4e+38 -3.4e+38 -3.4e+38 -3.4e+38 -3.4e+38 -3.4e+38 -3.4e+38 -3.4e+38 -3.4e+38 -3.4e+38 -3.4e+38 3495.32080078125 3493.4326171875 3491.61889648438 3489.35864257812 3486.53344726562 3483.60815429688 3480.57348632812 3476.74462890625 3471.955078125 3467.21655273438 3462.89990234375 3458.71704101562 3454.81860351562 3451.2958984375 3447.408203125 3443.18041992188 3437.95654296875 3431.453125 3424.19409179688 3417.1103515625 3411.27221679688 3406.07250976562 3400.06274414062 3394.03857421875 3389.39379882812 3385.32055664062 3381.37573242188 3378.06469726562 3375.47265625 3373.20874023438 3371.28369140625 3369.7412109375 3368.486328125 3367.28515625 3365.7763671875 3363.46411132812
-3.4e+38 -3.4e+38 -3.4e+38 -3.4e+38 -3.4e+38 -3.4e+38 -3.4e+38 -3.4e+38 -3.4e+38 -3.4e+38 -3.4e+38 -3.4e+38 -3.4e+38 -3.4e+38 3488.37915039062 3485.70434570312 3483.01293945312 3480.21411132812 3476.77563476562 3472.47973632812 3468.19848632812 3464.0185546875 3459.88940429688 3456.28149414062 3453.01342773438 3449.22509765625 3445.212890625 3441.19677734375 3435.60913085938 3427.60864257812 3419.86840820312 3413.6923828125 3408.7744140625 3403.31420898438 3397.71313476562 3393.03247070312 3388.92431640625 3384.99243164062 3381.65844726562 3379.07446289062 3376.734375 3374.59643554688 3372.86450195312 3371.3896484375 3369.91430664062 3368.12451171875 3365.67407226562
-3.4e+38 -3.4e+38 -3.4e+38 -3.4e+38 -3.4e+38 -3.4e+38 -3.4e+38 -3.4e+38 -3.4e+38 -3.4e+38 -3.4e+38 -3.4e+38 -3.4e+38 -3.4e+38 -3.4e+38 -3.4e+38 3481.78491210938 3479.23486328125 3476.20141601562 3472.35473632812 3468.4453125 3464.45556640625 3460.51538085938 3457.095703125 3453.93017578125 3450.26611328125 3446.37817382812 3442.89453125 3438.25634765625 3431.06176757812 3423.08276367188 3416.15600585938 3410.96240234375 3405.916015625 3400.95727539062 3396.33471679688 3392.13037109375 3388.21850585938 3384.76708984375 3382.03295898438 3379.68334960938 3377.43896484375 3375.5927734375 3373.93896484375 3371.97485351562 3369.78149414062 3367.34912109375
-3.4e+38 -3.4e+38 -3.4e+38 -3.4e+38 -3.4e+38 -3.4e+38 -3.4e+38 -3.4e+38 -3.4e+38 -3.4e+38 -3.4e+38 -3.4e+38 -3.4e+38 -3.4e+38 -3.4e+38 -3.4e+38 -3.4e+38 3477.65112304688 3474.9951171875 3471.70776367188 3468.21069335938 3464.60986328125 3460.81958007812 3457.38305664062 3454.12866210938 3450.5322265625 3446.93432617188 3443.64892578125 3439.62866210938 3433.29833984375 3425.39379882812 3418.19067382812 3412.56396484375 3407.787109375 3403.23120117188 3398.95874023438 3394.80883789062 3390.88037109375 3387.44604492188 3384.64453125 3382.15795898438 3379.99609375 3378.08276367188 3376.10107421875 3373.62451171875 3370.98779296875 3368.49487304688
-3.4e+38 -3.4e+38 -3.4e+38 -3.4e+38 -3.4e+38 -3.4e+38 -3.4e+38 -3.4e+38 -3.4e+38 -3.4e+38 -3.4e+38 -3.4e+38 -3.4e+38 -3.4e+38 -3.4e+38 -3.4e+38 -3.4e+38 -3.4e+38 3473.4345703125 3470.83447265625 3467.98217773438 3464.74462890625 3460.96069335938 3457.35498046875 3453.99145507812 3450.3759765625 3446.92236328125 3443.814453125 3440.1240234375 3434.1103515625 3426.45043945312 3419.35009765625 3413.47607421875 3408.90307617188 3404.72680664062 3400.89477539062 3396.84741210938 3392.80102539062 3389.337890625 3386.70654296875 3384.22802734375 3381.93627929688 3379.86157226562 3377.65625 3375.00073242188 3372.13940429688 3369.45629882812
