MCO_data_requests/covino_4_2_2020/subwatershed_outputs/eslc_flow_accumulation_utm_10m.asc
NCOLS 276 
NROWS 641 
XLLCORNER 424181.519902415 
YLLCORNER 4409297.22541033 
CELLSIZE 10 
NODATA_value -3.4e+38 
[rows 69 to 91 of 641, columns 100 to 149 of 276]
1714.11645507812 1615.12646484375 1504.740234375 1477.36279296875 1551.19177246094 1518.26928710938 1391.04699707031 1201.78173828125 1047.734375 945.446228027344 925.5244140625 965.919494628906 1014.90356445312 1080.49523925781 1109.10021972656 1153.89831542969 1121.96850585938 1140.59851074219 1221.83178710938 1190.40893554688 1061.13354492188 891.830932617188 759.722717285156 691.248046875 703.533508300781 691.578125 563.955688476562 423.898132324219 376.75146484375 344.677825927734 311.567779541016 692.000854492188 330.486663818359 315.201049804688 -3.4e+38 -3.4e+38 -3.4e+38 -3.4e+38 -3.4e+38 -3.4e+38 -3.4e+38 -3.4e+38 -3.4e+38 -3.4e+38 -3.4e+38 -3.4e+38 -3.4e+38 -3.4e+38 -3.4e+38 -3.4e+38
1716.80334472656 1650.65576171875 1587.53381347656 1513.9140625 1480.70690917969 1494.6630859375 1490.46008300781 1367.78759765625 1216.08813476562 1064.64538574219 886.238952636719 799.248291015625 851.200500488281 983.718139648438 1038.20434570312 1033.19348144531 1021.73260498047 978.550231933594 993.04638671875 1024.66516113281 953.497802734375 877.500366210938 761.7314453125 681.651428222656 659.820678710938 699.840270996094 593.916198730469 450.469116210938 323.898101806641 357.907989501953 321.303741455078 704.295532226562 316.352569580078 -3.4e+38 -3.4e+38 -3.4e+38 -3.4e+38 -3.4e+38 -3.4e+38 -3.4e+38 -3.4e+38 -3.4e+38 -3.4e+38 -3.4e+38 -3.4e+38 -3.4e+38 -3.4e+38 -3.4e+38 -3.4e+38 -3.4e+38
1679.36877441406 1649.11767578125 1598.0009765625 1538.57629394531 1441.81665039062 1420.60083007812 1443.63623046875 1444.21411132812 1346.44555664062 1180.30480957031 985.947631835938 846.433654785156 867.206848144531 907.005310058594 1013.91650390625 996.713806152344 931.749145507812 924.627014160156 897.845153808594 853.945617675781 907.346313476562 890.167114257812 824.594665527344 750.177185058594 659.533569335938 603.768493652344 586.462707519531 489.0947265625 363.855773925781 317.464263916016 324.072723388672 711.623840332031 320.639099121094 -3.4e+38 -3.4e+38 -3.4e+38 -3.4e+38 -3.4e+38 -3.4e+38 -3.4e+38 -3.4e+38 -3.4e+38 -3.4e+38 -3.4e+38 -3.4e+38 -3.4e+38 -3.4e+38 -3.4e+38 -3.4e+38 -3.4e+38
1641.08959960938 1598.50402832031 1572.11791992188 1540.65612792969 1463.78735351562 1408.16967773438 1370.12170410156 1377.14990234375 1394.86279296875 1294.56237792969 1198.96130371094 1129.74780273438 1019.72912597656 970.771423339844 978.339477539062 1022.54162597656 1002.8974609375 988.197204589844 906.101501464844 883.602172851562 927.415588378906 927.989990234375 900.9033203125 791.916625976562 646.517639160156 554.79052734375 497.549774169922 516.413513183594 449.022918701172 327.403167724609 312.8359375 647.592041015625 350.492279052734 -3.4e+38 -3.4e+38 -3.4e+38 -3.4e+38 -3.4e+38 -3.4e+38 -3.4e+38 -3.4e+38 -3.4e+38 -3.4e+38 -3.4e+38 -3.4e+38 -3.4e+38 -3.4e+38 -3.4e+38 -3.4e+38 -3.4e+38
1492.38391113281 1481.29626464844 1466.55493164062 1425.55261230469 1414.22277832031 1379.29895019531 1327.04736328125 1289.6767578125 1310.55493164062 1346.74645996094 1338.98754882812 1300.25378417969 1186.6962890625 1051.22607421875 920.95849609375 901.514709472656 1003.21435546875 1051.14562988281 1027.89770507812 1036.53588867188 1008.32720947266 1000.44775390625 938.393859863281 818.190002441406 701.017211914062 559.328247070312 528.385131835938 431.946136474609 462.163024902344 413.549865722656 324.949768066406 618.968322753906 315.304351806641 -3.4e+38 -3.4e+38 -3.4e+38 -3.4e+38 -3.4e+38 -3.4e+38 -3.4e+38 -3.4e+38 -3.4e+38 -3.4e+38 -3.4e+38 -3.4e+38 -3.4e+38 -3.4e+38 -3.4e+38 -3.4e+38 -3.4e+38
1359.94982910156 1315.80151367188 1287.14880371094 1261.37719726562 1252.60205078125 1243.64526367188 1258.28698730469 1236.330078125 1203.42651367188 1256.85144042969 1301.75549316406 1310.16491699219 1277.30773925781 1150.24548339844 1009.48486328125 923.235717773438 910.14697265625 914.693725585938 1002.78918457031 1029.08520507812 959.410766601562 952.823608398438 890.431335449219 803.719421386719 705.041076660156 622.0107421875 468.731079101562 402.257720947266 395.283966064453 423.622406005859 399.207092285156 582.127014160156 321.185241699219 -3.4e+38 -3.4e+38 -3.4e+38 -3.4e+38 -3.4e+38 -3.4e+38 -3.4e+38 -3.4e+38 -3.4e+38 -3.4e+38 -3.4e+38 -3.4e+38 -3.4e+38 -3.4e+38 -3.4e+38 -3.4e+38 -3.4e+38
1403.0517578125 1330.05102539062 1293.09411621094 1204.72253417969 1128.42114257812 1107.60400390625 1094.38940429688 1092.12634277344 1071.88391113281 1095.68188476562 1146.64978027344 1152.02221679688 1180.04553222656 1203.07861328125 1154.12890625 1061.46130371094 968.820556640625 966.277954101562 981.132873535156 970.982543945312 941.581176757812 836.893249511719 759.999633789062 732.376586914062 686.067932128906 640.923706054688 577.477905273438 384.791564941406 382.271240234375 393.484313964844 400.336303710938 564.394165039062 335.410003662109 -3.4e+38 -3.4e+38 -3.4e+38 -3.4e+38 -3.4e+38 -3.4e+38 -3.4e+38 -3.4e+38 -3.4e+38 -3.4e+38 -3.4e+38 -3.4e+38 -3.4e+38 -3.4e+38 -3.4e+38 -3.4e+38 -3.4e+38
1840.97265625 1695.08117675781 1585.15612792969 1466.13659667969 1345.54418945312 1251.71228027344 1202.72094726562 1196.818359375 1201.44189453125 1196.0302734375 1199.6337890625 1186.357421875 1185.42370605469 1218.64123535156 1179.3203125 1094.263671875 1033.03308105469 1022.91229248047 978.2509765625 920.426452636719 909.047973632812 843.145385742188 717.333923339844 628.630676269531 597.381103515625 516.439880371094 425.491333007812 428.232971191406 402.448547363281 351.490600585938 357.006774902344 553.683776855469 329.053894042969 -3.4e+38 -3.4e+38 -3.4e+38 -3.4e+38 -3.4e+38 -3.4e+38 -3.4e+38 -3.4e+38 -3.4e+38 -3.4e+38 -3.4e+38 -3.4e+38 -3.4e+38 -3.4e+38 -3.4e+38 -3.4e+38 -3.4e+38
2491.96875 2227.68139648438 2033.11840820312 1896.98657226562 1766.2412109375 1637.44812011719 1544.99768066406 1467.02026367188 1405.58288574219 1324.50964355469 1241.36157226562 1185.49731445312 1126.39807128906 1109.24877929688 1138.68933105469 1143.322265625 1137.03747558594 1092.12561035156 1021.22546386719 935.453918457031 875.090576171875 833.127136230469 786.91552734375 704.231567382812 604.622863769531 507.856658935547 421.290496826172 361.069885253906 415.312042236328 351.630462646484 304.691619873047 510.979858398438 -3.4e+38 -3.4e+38 -3.4e+38 -3.4e+38 -3.4e+38 -3.4e+38 -3.4e+38 -3.4e+38 -3.4e+38 -3.4e+38 -3.4e+38 -3.4e+38 -3.4e+38 -3.4e+38 -3.4e+38 -3.4e+38 -3.4e+38 -3.4e+38
4037.31127929688 3079.93798828125 2520.77392578125 2145.42333984375 1911.63098144531 1746.48767089844 1607.67541503906 1480.57446289062 1326.82312011719 1222.41882324219 1106.18811035156 1003.25555419922 929.906188964844 981.41162109375 1091.77978515625 1226.27722167969 1215.84765625 1147.9150390625 1058.46008300781 969.609069824219 873.548095703125 821.936584472656 778.841125488281 708.4521484375 609.26611328125 511.876342773438 395.670867919922 339.602386474609 398.912750244141 339.266754150391 268.907928466797 452.573669433594 -3.4e+38 -3.4e+38 -3.4e+38 -3.4e+38 -3.4e+38 -3.4e+38 -3.4e+38 -3.4e+38 -3.4e+38 -3.4e+38 -3.4e+38 -3.4e+38 -3.4e+38 -3.4e+38 -3.4e+38 -3.4e+38 -3.4e+38 -3.4e+38
8672.2275390625 6636.1015625 4795.87939453125 3521.08618164062 2607.66723632812 2151.2958984375 1922.04797363281 1750.46533203125 1600.57849121094 1409.92932128906 1297.38342285156 1292.0009765625 1369.00231933594 1339.97729492188 1284.0283203125 1223.943359375 1162.21728515625 1076.88623046875 995.461303710938 918.259033203125 817.945007324219 744.58544921875 678.934448242188 634.094543457031 589.487854003906 503.366333007812 420.994415283203 312.648101806641 349.750915527344 325.325622558594 243.530151367188 409.458435058594 -3.4e+38 -3.4e+38 -3.4e+38 -3.4e+38 -3.4e+38 -3.4e+38 -3.4e+38 -3.4e+38 -3.4e+38 -3.4e+38 -3.4e+38 -3.4e+38 -3.4e+38 -3.4e+38 -3.4e+38 -3.4e+38 -3.4e+38 -3.4e+38
14513.287109375 14401.318359375 11702.173828125 8926.6357421875 6550.861328125 3993.62377929688 2986.08984375 2401.74951171875 1926.00744628906 1687.89404296875 1571.38635253906 1501.32690429688 1421.65112304688 1370.88647460938 1312.65014648438 1216.6337890625 1129.51892089844 1018.29711914062 903.595642089844 834.153747558594 804.688842773438 729.056823730469 644.603454589844 547.897277832031 484.915740966797 461.159423828125 430.044036865234 337.789459228516 267.826293945312 278.032409667969 248.450729370117 415.020385742188 -3.4e+38 -3.4e+38 -3.4e+38 -3.4e+38 -3.4e+38 -3.4e+38 -3.4e+38 -3.4e+38 -3.4e+38 -3.4e+38 -3.4e+38 -3.4e+38 -3.4e+38 -3.4e+38 -3.4e+38 -3.4e+38 -3.4e+38 -3.4e+38
10929.7666015625 13086.978515625 15684.087890625 16207.86328125 15355.84765625 12524.5234375 9031.3466796875 6176.38818359375 3636.666015625 2524.64135742188 2014.68811035156 1788.08227539062 1714.4619140625 1656.52404785156 1546.00415039062 1442.73999023438 1323.51892089844 1188.67163085938 1084.31555175781 996.160766601562 937.40234375 860.60693359375 761.098388671875 647.481567382812 531.101379394531 458.250762939453 384.847320556641 353.807586669922 248.110321044922 226.849487304688 241.219039916992 397.830261230469 -3.4e+38 -3.4e+38 -3.4e+38 -3.4e+38 -3.4e+38 -3.4e+38 -3.4e+38 -3.4e+38 -3.4e+38 -3.4e+38 -3.4e+38 -3.4e+38 -3.4e+38 -3.4e+38 -3.4e+38 -3.4e+38 -3.4e+38 -3.4e+38
3003.90283203125 3275.45043945312 4018.60961914062 5763.8310546875 7918.529296875 11489.6396484375 13644.287109375 13600.5 12405.583984375 9422.41796875 5506.48095703125 3033.365234375 2566.4599609375 2182.21435546875 2036.90075683594 1929.32702636719 1657.96618652344 1501.1865234375 1338.16760253906 1216.9501953125 1115.91430664062 1022.83380126953 911.511413574219 792.238159179688 684.988952636719 561.386657714844 441.099487304688 339.530822753906 262.707122802734 197.504013061523 209.182907104492 345.591461181641 -3.4e+38 -3.4e+38 -3.4e+38 -3.4e+38 -3.4e+38 -3.4e+38 -3.4e+38 -3.4e+38 -3.4e+38 -3.4e+38 -3.4e+38 -3.4e+38 -3.4e+38 -3.4e+38 -3.4e+38 -3.4e+38 -3.4e+38 -3.4e+38
1771.47448730469 1349.8310546875 1864.37231445312 2466.00561523438 2790.59497070312 3311.650390625 4137.4921875 5895.36279296875 8165.4306640625 10379.693359375 12723.607421875 12768.244140625 9771.224609375 6515.826171875 5237.6640625 4444.1318359375 2912.78100585938 2132.59057617188 1703.97302246094 1468.2041015625 1278.79724121094 1123.99499511719 999.102783203125 877.344055175781 755.347351074219 636.139526367188 500.714447021484 376.557983398438 306.522521972656 183.4306640625 174.609970092773 305.035278320312 -3.4e+38 -3.4e+38 -3.4e+38 -3.4e+38 -3.4e+38 -3.4e+38 -3.4e+38 -3.4e+38 -3.4e+38 -3.4e+38 -3.4e+38 -3.4e+38 -3.4e+38 -3.4e+38 -3.4e+38 -3.4e+38 -3.4e+38 -3.4e+38
2092.361328125 1893.87341308594 2110.07202148438 2130.16064453125 2311.9853515625 2345.47778320312 2242.10302734375 2188.1943359375 2340.05883789062 2810.93798828125 3352.8125 4338.009765625 5697.11474609375 7340.28466796875 7144.93798828125 6332.60986328125 5872.08642578125 4349.09814453125 2859.00854492188 2028.4091796875 1543.63293457031 1273.12121582031 1088.37377929688 921.683227539062 788.771911621094 665.289611816406 556.473022460938 444.546234130859 309.27783203125 243.642593383789 134.838745117188 264.6630859375 -3.4e+38 -3.4e+38 -3.4e+38 -3.4e+38 -3.4e+38 -3.4e+38 -3.4e+38 -3.4e+38 -3.4e+38 -3.4e+38 -3.4e+38 -3.4e+38 -3.4e+38 -3.4e+38 -3.4e+38 -3.4e+38 -3.4e+38 -3.4e+38
3664.13427734375 2954.05810546875 2368.51318359375 2201.84838867188 2071.63525390625 2125.68920898438 2123.482421875 1974.62231445312 1899.94738769531 1806.56237792969 1936.95886230469 1886.33935546875 2154.20434570312 2135.9658203125 2043.57470703125 2045.24572753906 2655.31396484375 3558.41625976562 4038.9892578125 3503.93408203125 2437.60424804688 1734.35803222656 1343.70446777344 1074.51635742188 882.445129394531 732.787841796875 621.124816894531 493.977264404297 368.309387207031 258.783386230469 155.21369934082 237.023712158203 -3.4e+38 -3.4e+38 -3.4e+38 -3.4e+38 -3.4e+38 -3.4e+38 -3.4e+38 -3.4e+38 -3.4e+38 -3.4e+38 -3.4e+38 -3.4e+38 -3.4e+38 -3.4e+38 -3.4e+38 -3.4e+38 -3.4e+38 -3.4e+38
3751.45141601562 3321.21997070312 2652.07299804688 2249.17114257812 2068.234375 1877.68078613281 1937.75427246094 2059.14086914062 1884.08337402344 1795.80993652344 1596.15893554688 1633.17407226562 1555.98071289062 1694.78527832031 1455.74975585938 1387.57971191406 1437.48229980469 1597.06616210938 1871.43310546875 2215.759765625 2568.89672851562 2380.95166015625 1815.59118652344 1414.45520019531 1107.203125 912.262084960938 786.85791015625 594.924560546875 400.503601074219 260.6640625 166.740036010742 231.320770263672 -3.4e+38 -3.4e+38 -3.4e+38 -3.4e+38 -3.4e+38 -3.4e+38 -3.4e+38 -3.4e+38 -3.4e+38 -3.4e+38 -3.4e+38 -3.4e+38 -3.4e+38 -3.4e+38 -3.4e+38 -3.4e+38 -3.4e+38 -3.4e+38
2890.66577148438 2940.58129882812 2714.16625976562 2351.64306640625 2140.95776367188 2092.13598632812 2049.564453125 2090.283203125 2065.8271484375 1848.25207519531 1620.66760253906 1392.30627441406 1452.01135253906 1426.41320800781 1470.2265625 1348.13952636719 1272.14758300781 1268.11608886719 1258.77758789062 1233.55444335938 1311.13732910156 1460.41809082031 1627.56921386719 1522.57092285156 1302.091796875 1094.65930175781 872.64501953125 684.014709472656 488.203582763672 290.307464599609 159.359405517578 241.237899780273 -3.4e+38 -3.4e+38 -3.4e+38 -3.4e+38 -3.4e+38 -3.4e+38 -3.4e+38 -3.4e+38 -3.4e+38 -3.4e+38 -3.4e+38 -3.4e+38 -3.4e+38 -3.4e+38 -3.4e+38 -3.4e+38 -3.4e+38 -3.4e+38
2485.75415039062 2463.4345703125 2593.701171875 2596.81518554688 2341.45239257812 2343.79077148438 2185.720703125 1929.21728515625 1969.94348144531 1891.79248046875 1643.19311523438 1475.70861816406 1322.86950683594 1273.22631835938 1283.22644042969 1445.6484375 1314.66076660156 1196.263671875 1067.7451171875 1041.08081054688 1014.8427734375 944.311706542969 912.581359863281 952.790161132812 909.777526855469 886.110961914062 788.568481445312 601.101989746094 509.743499755859 353.087921142578 178.197021484375 255.300094604492 -3.4e+38 -3.4e+38 -3.4e+38 -3.4e+38 -3.4e+38 -3.4e+38 -3.4e+38 -3.4e+38 -3.4e+38 -3.4e+38 -3.4e+38 -3.4e+38 -3.4e+38 -3.4e+38 -3.4e+38 -3.4e+38 -3.4e+38 -3.4e+38
2316.91235351562 2271.65161132812 2283.125 2394.75122070312 2560.25415039062 2345.2841796875 2231.8330078125 2121.208984375 1784.12512207031 1727.58642578125 1660.28637695312 1530.23889160156 1377.79187011719 1260.01196289062 1250.30249023438 1259.85522460938 1314.71606445312 1143.49621582031 1024.84399414062 930.936645507812 952.105346679688 848.682678222656 787.979919433594 678.4599609375 677.524108886719 518.42529296875 503.296569824219 575.722290039062 454.443939208984 388.711822509766 254.746200561523 269.944396972656 -3.4e+38 -3.4e+38 -3.4e+38 -3.4e+38 -3.4e+38 -3.4e+38 -3.4e+38 -3.4e+38 -3.4e+38 -3.4e+38 -3.4e+38 -3.4e+38 -3.4e+38 -3.4e+38 -3.4e+38 -3.4e+38 -3.4e+38 -3.4e+38
2245.34790039062 2201.49780273438 2130.8798828125 2093.84545898438 1999.47302246094 1912.76049804688 1867.95251464844 1980.08618164062 1959.18615722656 1633.830078125 1642.43200683594 1627.54821777344 1530.55310058594 1398.27307128906 1287.4970703125 1208.27404785156 1210.86047363281 1141.01428222656 1010.51904296875 894.911560058594 847.259399414062 829.943115234375 725.308044433594 701.704345703125 612.186096191406 464.134368896484 356.045257568359 468.963806152344 526.932312011719 302.448883056641 354.849670410156 256.10009765625 -3.4e+38 -3.4e+38 -3.4e+38 -3.4e+38 -3.4e+38 -3.4e+38 -3.4e+38 -3.4e+38 -3.4e+38 -3.4e+38 -3.4e+38 -3.4e+38 -3.4e+38 -3.4e+38 -3.4e+38 -3.4e+38 -3.4e+38 -3.4e+38
2242.103515625 2211.833984375 2143.50146484375 2022.31884765625 1807.18212890625 1680.12768554688 1586.20092773438 1552.69775390625 1802.85205078125 1962.01635742188 1676.9873046875 1635.23327636719 1580.90612792969 1526.0791015625 1389.35693359375 1161.92077636719 1051.068359375 1097.97912597656 1023.39508056641 904.700927734375 820.672729492188 708.74755859375 725.399353027344 653.982238769531 611.856628417969 472.371765136719 374.727478027344 323.646118164062 418.080657958984 441.083618164062 338.676391601562 289.601226806641 -3.4e+38 -3.4e+38 -3.4e+38 -3.4e+38 -3.4e+38 -3.4e+38 -3.4e+38 -3.4e+38 -3.4e+38 -3.4e+38 -3.4e+38 -3.4e+38 -3.4e+38 -3.4e+38 -3.4e+38 -3.4e+38 -3.4e+38 -3.4e+38
