MCO_data_requests/covino_4_2_2020/subwatershed_outputs/eslc_flow_accumulation_utm_10m.asc
NCOLS 276 
NROWS 641 
XLLCORNER 424181.519902415 
YLLCORNER 4409297.22541033 
CELLSIZE 10 
NODATA_value -3.4e+38 
[rows 552 to 574 of 641, columns 50 to 99 of 276]
572.339416503906 1289.71960449219 1640.26049804688 1065.77783203125 1046.21789550781 1806.96435546875 2319.44995117188 2442.36352539062 1867.14916992188 1652.44848632812 2001.68737792969 1992.88879394531 2167.42724609375 1881.59045410156 1666.70666503906 2013.13061523438 1663.65991210938 1419.01818847656 1495.66064453125 1558.38012695312 1555.13208007812 1997.53112792969 1824.5498046875 1648.43115234375 1985.38720703125 2628.36279296875 2489.32275390625 2387.9169921875 3015.060546875 3286.05541992188 3954.16674804688 5089.4873046875 5918.85791015625 6585.2919921875 5642.279296875 4627.73681640625 4726.9521484375 4787.2724609375 3739.1240234375 3423.62719726562 7408.09033203125 5033.978515625 3177.78100585938 3194.11059570312 3599.14282226562 3428.76049804688 3358.7275390625 3717.6708984375 4693.2900390625 5329.97265625
537.997680664062 1372.0341796875 1473.93078613281 822.999938964844 994.932006835938 1522.72485351562 2218.8759765625 2504.5771484375 1572.14208984375 1578.88989257812 2049.42211914062 1846.20629882812 1917.40747070312 1863.39526367188 1633.29699707031 1792.60668945312 1545.60375976562 1337.94140625 1397.89086914062 1458.14526367188 1455.5068359375 1911.62622070312 1743.52612304688 1560.00964355469 1893.07287597656 2592.21997070312 2447.06201171875 2303.486328125 2994.837890625 3403.65380859375 3996.20556640625 4854.7744140625 5615.38525390625 6441.19189453125 5431.10595703125 4498.32958984375 4638.3837890625 4525.60595703125 3668.4326171875 3429.95727539062 6506.80859375 4913.10693359375 3114.60180664062 3089.25732421875 3468.28198242188 3360.185546875 3234.109375 3383.68310546875 4057.4658203125 4625.31298828125
716.833435058594 1664.39318847656 856.115539550781 687.087707519531 1010.27386474609 1155.56994628906 1973.26452636719 2542.404296875 1437.62512207031 1480.66674804688 1914.59484863281 1697.02319335938 1727.87475585938 1815.9345703125 1625.7734375 1618.97106933594 1478.177734375 1242.41967773438 1283.47668457031 1384.98046875 1400.06689453125 1795.96313476562 1609.67883300781 1501.56433105469 1827.64172363281 2510.7880859375 2347.82958984375 2278.13061523438 3012.833984375 3516.8984375 3963.7626953125 4613.55126953125 5230.09814453125 6159.9794921875 5365.9736328125 4471.052734375 4601.84521484375 4322.1162109375 3592.00170898438 3346.84790039062 5602.3251953125 4831.49169921875 3127.90576171875 2990.18090820312 3240.16870117188 3280.79418945312 3088.01391601562 3135.21240234375 3626.150390625 3936.56469726562
1024.61083984375 1046.32092285156 546.675903320312 787.596252441406 939.72705078125 882.529052734375 1593.078125 2466.98510742188 1421.34838867188 1410.87023925781 1699.83996582031 1577.48229980469 1585.98071289062 1658.87585449219 1575.60668945312 1477.9716796875 1453.72900390625 1214.43896484375 1175.29187011719 1290.75073242188 1370.275390625 1690.60290527344 1490.96264648438 1394.24548339844 1755.09545898438 2443.36547851562 2262.29321289062 2215.02026367188 3041.60327148438 3546.81665039062 3775.0849609375 4348.728515625 5034.6494140625 5807.59033203125 5273.640625 4544.39892578125 4542.259765625 4245.5654296875 3441.25244140625 3190.28100585938 4910.89013671875 4813.4931640625 3133.38598632812 2846.24194335938 2964.29223632812 3110.8408203125 2934.52612304688 2931.6875 3328.68115234375 3455.4130859375
856.524536132812 853.359252929688 612.242614746094 747.353393554688 869.658935546875 748.916687011719 1200.86486816406 2218.6181640625 1551.4912109375 1254.06469726562 1580.49462890625 1526.8984375 1304.17565917969 1599.16357421875 1421.205078125 1348.32092285156 1443.73229980469 1211.86645507812 1102.45849609375 1179.619140625 1345.73315429688 1579.41796875 1428.61743164062 1304.39123535156 1599.80554199219 2353.95556640625 2191.89501953125 2230.84716796875 2965.60546875 3447.02880859375 3590.88549804688 4016.61572265625 4922.33837890625 5567.13037109375 5180.9892578125 4490.49951171875 4500.43115234375 4246.9384765625 3333.99389648438 3042.69946289062 4364.923828125 4795.52099609375 3156.36206054688 2715.5556640625 2732.873046875 2786.20068359375 2759.99877929688 2764.02612304688 3109.10083007812 3136.9423828125
644.66357421875 503.116882324219 813.651672363281 666.857727050781 821.026428222656 634.481384277344 1056.19787597656 1816.15661621094 1545.25354003906 1259.14379882812 1391.19787597656 1466.02783203125 1210.75366210938 1474.00756835938 1263.14453125 1212.70385742188 1385.33471679688 1209.87915039062 1073.154296875 1078.9404296875 1309.64025878906 1457.25817871094 1399.57250976562 1244.66003417969 1458.07312011719 2210.212890625 2139.55883789062 2214.04809570312 2814.77001953125 3292.22827148438 3414.3193359375 3713.37353515625 4742.43701171875 5368.0126953125 5033.09814453125 4444.126953125 4479.384765625 4233.6123046875 3367.076171875 2907.73266601562 3981.4091796875 4706.81787109375 3121.07836914062 2646.22216796875 2562.0830078125 2425.03149414062 2552.18823242188 2663.56274414062 2897.24560546875 2882.5146484375
120.673606872559 606.276184082031 604.835083007812 565.621215820312 795.995483398438 590.316711425781 869.547912597656 1369.44116210938 1516.7099609375 1393.13952636719 1233.76293945312 1269.4033203125 1212.63757324219 1345.44360351562 1183.49206542969 1045.12878417969 1249.00939941406 1291.99963378906 1080.98205566406 964.837646484375 1207.23120117188 1364.39331054688 1364.45300292969 1221.39831542969 1387.63488769531 2065.0947265625 2063.03051757812 2090.88330078125 2612.421875 3175.3544921875 3279.30029296875 3451.52197265625 4450.4541015625 5138.36181640625 4825.39453125 4481.3271484375 4449.47509765625 4143.79443359375 3416.01684570312 2874.26538085938 3699.7109375 4526.02294921875 3049.30981445312 2626.99926757812 2468.23510742188 2129.36865234375 2312.40893554688 2568.986328125 2749.10327148438 2720.28515625
-3.4e+38 440.09228515625 736.671264648438 548.009338378906 582.16064453125 725.636840820312 729.195617675781 921.0888671875 1372.80578613281 1436.63049316406 1280.15258789062 1125.16296386719 1073.84228515625 1187.41162109375 1240.07214355469 906.823059082031 980.470275878906 1414.49829101562 1167.66943359375 897.110961914062 1051.32727050781 1237.7099609375 1270.10632324219 1259.85192871094 1387.84936523438 1906.02856445312 1957.39038085938 1947.97778320312 2472.7666015625 2975.40478515625 3069.75732421875 3354.41064453125 4109.63818359375 4765.31005859375 4647.7080078125 4520.056640625 4415.78564453125 4044.52734375 3436.93725585938 2878.76196289062 3434.84033203125 4302.125 3006.88330078125 2610.96069335938 2465.00366210938 2010.38452148438 2045.947265625 2440.8232421875 2667.44189453125 2613.1953125
-3.4e+38 -3.4e+38 -3.4e+38 -3.4e+38 -3.4e+38 834.093078613281 732.09375 781.050903320312 981.100952148438 1513.1748046875 1214.56274414062 1163.55383300781 1035.48474121094 1046.29577636719 1059.38757324219 1008.7900390625 786.172119140625 1139.9033203125 1458.56604003906 913.360595703125 947.888061523438 1073.00170898438 1125.47814941406 1255.1328125 1431.94213867188 1777.76818847656 1832.74194335938 1827.86083984375 2340.14721679688 2777.55615234375 2833.47290039062 3201.66674804688 3767.77880859375 4371.17333984375 4529.3544921875 4488.56787109375 4394.28466796875 3922.73901367188 3427.818359375 2844.48168945312 3210.10620117188 4231.103515625 2956.03881835938 2610.26416015625 2495.7568359375 1957.39709472656 1890.09362792969 2323.87890625 2524.95874023438 2434.06909179688
-3.4e+38 -3.4e+38 -3.4e+38 -3.4e+38 -3.4e+38 -3.4e+38 -3.4e+38 -3.4e+38 932.176696777344 1057.9931640625 1291.72717285156 1156.17919921875 1124.64453125 970.156860351562 953.156005859375 940.234497070312 910.186889648438 779.181579589844 1156.80322265625 1424.14404296875 984.567993164062 987.389831542969 966.994934082031 1148.98620605469 1444.61975097656 1717.17016601562 1707.44567871094 1726.42614746094 2168.89477539062 2631.59643554688 2595.37133789062 2958.208984375 3527.15502929688 3980.50537109375 4259.01708984375 4473.0458984375 4481.67236328125 3758.99584960938 3359.32885742188 2827.77124023438 3030.23803710938 4280.57470703125 2961.66479492188 2600.64599609375 2469.14916992188 1935.78088378906 1799.84643554688 2203.37084960938 2382.44970703125 2259.16284179688
-3.4e+38 -3.4e+38 -3.4e+38 -3.4e+38 -3.4e+38 -3.4e+38 -3.4e+38 -3.4e+38 -3.4e+38 -3.4e+38 -3.4e+38 -3.4e+38 -3.4e+38 -3.4e+38 -3.4e+38 -3.4e+38 -3.4e+38 1173.07409667969 1040.8349609375 1218.31298828125 1444.82092285156 1122.77160644531 835.885314941406 1004.97814941406 1359.86389160156 1653.47229003906 1645.55187988281 1663.24768066406 1997.12280273438 2441.55102539062 2380.306640625 2678.1845703125 3327.1513671875 3633.78686523438 3897.64477539062 4395.796875 4640.2138671875 3745.75244140625 3192.97119140625 2838.42333984375 2942.20068359375 4234.84765625 2991.67749023438 2613.5048828125 2422.56787109375 1920.19104003906 1690.68603515625 2057.9287109375 2301.75805664062 2161.80493164062
-3.4e+38 -3.4e+38 -3.4e+38 -3.4e+38 -3.4e+38 -3.4e+38 -3.4e+38 -3.4e+38 -3.4e+38 -3.4e+38 -3.4e+38 -3.4e+38 -3.4e+38 -3.4e+38 -3.4e+38 -3.4e+38 -3.4e+38 -3.4e+38 -3.4e+38 1275.42358398438 1258.68676757812 1491.59350585938 979.509460449219 933.685852050781 1157.46545410156 1543.36486816406 1651.73095703125 1617.32250976562 1931.28723144531 2195.1201171875 2170.7724609375 2442.26049804688 3061.72094726562 3272.0146484375 3526.39770507812 4291.80517578125 4796.44482421875 3837.2333984375 3019.6875 2814.45458984375 2919.673828125 4104.68896484375 3039.76440429688 2615.78735351562 2403.22705078125 1904.90075683594 1623.01049804688 1961.41796875 2179.4521484375 2160.763671875
-3.4e+38 -3.4e+38 -3.4e+38 -3.4e+38 -3.4e+38 -3.4e+38 -3.4e+38 -3.4e+38 -3.4e+38 -3.4e+38 -3.4e+38 -3.4e+38 -3.4e+38 -3.4e+38 -3.4e+38 -3.4e+38 -3.4e+38 -3.4e+38 -3.4e+38 -3.4e+38 -3.4e+38 1296.67993164062 1455.24792480469 993.817260742188 1080.13647460938 1313.419921875 1518.31164550781 1627.90490722656 1984.76892089844 1985.46948242188 1932.58471679688 2228.44799804688 2804.3544921875 2958.27807617188 3151.69604492188 4063.53833007812 4896.7451171875 4022.34106445312 2970.26147460938 2596.41796875 2895.1171875 4045.19506835938 3066.0576171875 2652.138671875 2428.947265625 1915.0166015625 1618.73413085938 1862.02087402344 1982.91955566406 2057.90014648438
-3.4e+38 -3.4e+38 -3.4e+38 -3.4e+38 -3.4e+38 -3.4e+38 -3.4e+38 -3.4e+38 -3.4e+38 -3.4e+38 -3.4e+38 -3.4e+38 -3.4e+38 -3.4e+38 -3.4e+38 -3.4e+38 -3.4e+38 -3.4e+38 -3.4e+38 -3.4e+38 -3.4e+38 -3.4e+38 1446.89953613281 1436.23974609375 1166.70007324219 1209.92956542969 1275.22583007812 1545.57702636719 2030.52978515625 1889.275390625 1702.67919921875 1979.93371582031 2599.70043945312 2744.18334960938 2826.07275390625 3655.9482421875 4900.7578125 4149.533203125 3124.3955078125 2565.14038085938 2664.47509765625 3979.79931640625 3097.80639648438 2716.72094726562 2407.22094726562 1970.23291015625 1617.80773925781 1771.076171875 1904.302734375 1927.40942382812
-3.4e+38 -3.4e+38 -3.4e+38 -3.4e+38 -3.4e+38 -3.4e+38 -3.4e+38 -3.4e+38 -3.4e+38 -3.4e+38 -3.4e+38 -3.4e+38 -3.4e+38 -3.4e+38 -3.4e+38 -3.4e+38 -3.4e+38 -3.4e+38 -3.4e+38 -3.4e+38 -3.4e+38 -3.4e+38 -3.4e+38 -3.4e+38 1437.12915039062 1342.90625 1164.70922851562 1376.32299804688 1825.77819824219 1920.88513183594 1623.18579101562 1733.03149414062 2295.7333984375 2537.60034179688 2565.55395507812 3321.12109375 4657.8115234375 4517.50048828125 3347.32202148438 2450.53735351562 2490.2783203125 3974.47900390625 3028.75415039062 2738.525390625 2381.45361328125 1930.08447265625 1728.28466796875 1719.38037109375 1852.59948730469 1881.37145996094
-3.4e+38 -3.4e+38 -3.4e+38 -3.4e+38 -3.4e+38 -3.4e+38 -3.4e+38 -3.4e+38 -3.4e+38 -3.4e+38 -3.4e+38 -3.4e+38 -3.4e+38 -3.4e+38 -3.4e+38 -3.4e+38 -3.4e+38 -3.4e+38 -3.4e+38 -3.4e+38 -3.4e+38 -3.4e+38 -3.4e+38 -3.4e+38 -3.4e+38 -3.4e+38 1321.7783203125 1342.64465332031 1471.98046875 1863.81201171875 1669.90295410156 1590.74291992188 2046.18774414062 2308.08227539062 2425.53369140625 3010.89575195312 4249.66455078125 4739.40869140625 3609.01440429688 2389.20239257812 2385.68823242188 3940.67578125 3074.2958984375 2665.84887695312 2323.28247070312 1903.79919433594 1716.65502929688 1815.30932617188 1847.79431152344 1883.69006347656
-3.4e+38 -3.4e+38 -3.4e+38 -3.4e+38 -3.4e+38 -3.4e+38 -3.4e+38 -3.4e+38 -3.4e+38 -3.4e+38 -3.4e+38 -3.4e+38 -3.4e+38 -3.4e+38 -3.4e+38 -3.4e+38 -3.4e+38 -3.4e+38 -3.4e+38 -3.4e+38 -3.4e+38 -3.4e+38 -3.4e+38 -3.4e+38 -3.4e+38 -3.4e+38 -3.4e+38 1353.01318359375 1484.21960449219 1513.04333496094 1678.90087890625 1590.62426757812 1879.49487304688 2117.09204101562 2249.11791992188 2817.79345703125 3873.810546875 4474.27197265625 3984.56420898438 2565.44677734375 2202.9033203125 3789.9296875 3110.06518554688 2719.00952148438 2333.3095703125 1861.32434082031 1661.69372558594 1823.79895019531 1947.52954101562 1835.11730957031
-3.4e+38 -3.4e+38 -3.4e+38 -3.4e+38 -3.4e+38 -3.4e+38 -3.4e+38 -3.4e+38 -3.4e+38 -3.4e+38 -3.4e+38 -3.4e+38 -3.4e+38 -3.4e+38 -3.4e+38 -3.4e+38 -3.4e+38 -3.4e+38 -3.4e+38 -3.4e+38 -3.4e+38 -3.4e+38 -3.4e+38 -3.4e+38 -3.4e+38 -3.4e+38 -3.4e+38 -3.4e+38 1447.18811035156 1477.34704589844 1457.26232910156 1655.26928710938 1768.79272460938 1875.38989257812 2228.23852539062 2694.787109375 3283.67041015625 4136.9462890625 4283.640625 2832.9697265625 2152.84350585938 3614.87036132812 3096.11352539062 2769.314453125 2404.48779296875 1893.09045410156 1605.45373535156 1755.18249511719 1903.19763183594 1814.29162597656
-3.4e+38 -3.4e+38 -3.4e+38 -3.4e+38 -3.4e+38 -3.4e+38 -3.4e+38 -3.4e+38 -3.4e+38 -3.4e+38 -3.4e+38 -3.4e+38 -3.4e+38 -3.4e+38 -3.4e+38 -3.4e+38 -3.4e+38 -3.4e+38 -3.4e+38 -3.4e+38 -3.4e+38 -3.4e+38 -3.4e+38 -3.4e+38 -3.4e+38 -3.4e+38 -3.4e+38 -3.4e+38 -3.4e+38 1358.45971679688 1525.97814941406 1508.2861328125 1725.14514160156 1806.40087890625 2038.65112304688 2509.9189453125 2923.49951171875 3366.87817382812 4596.23779296875 3226.95849609375 2190.50146484375 3456.78564453125 3119.55053710938 2844.93896484375 2349.4384765625 1909.71215820312 1643.14575195312 1682.59216308594 1784.36450195312 1814.77392578125
-3.4e+38 -3.4e+38 -3.4e+38 -3.4e+38 -3.4e+38 -3.4e+38 -3.4e+38 -3.4e+38 -3.4e+38 -3.4e+38 -3.4e+38 -3.4e+38 -3.4e+38 -3.4e+38 -3.4e+38 -3.4e+38 -3.4e+38 -3.4e+38 -3.4e+38 -3.4e+38 -3.4e+38 -3.4e+38 -3.4e+38 -3.4e+38 -3.4e+38 -3.4e+38 -3.4e+38 -3.4e+38 -3.4e+38 -3.4e+38 1330.00634765625 1588.4130859375 1672.09619140625 1614.16625976562 1932.69189453125 2274.81787109375 2712.58154296875 2747.83764648438 4158.9658203125 3870.66235351562 2413.34130859375 3332.15942382812 3114.34228515625 2928.02221679688 2235.52490234375 1942.37475585938 1751.14367675781 1584.72155761719 1690.64611816406 1743.22778320312
-3.4e+38 -3.4e+38 -3.4e+38 -3.4e+38 -3.4e+38 -3.4e+38 -3.4e+38 -3.4e+38 -3.4e+38 -3.4e+38 -3.4e+38 -3.4e+38 -3.4e+38 -3.4e+38 -3.4e+38 -3.4e+38 -3.4e+38 -3.4e+38 -3.4e+38 -3.4e+38 -3.4e+38 -3.4e+38 -3.4e+38 -3.4e+38 -3.4e+38 -3.4e+38 -3.4e+38 -3.4e+38 -3.4e+38 -3.4e+38 -3.4e+38 1340.54479980469 1754.56469726562 1629.86047363281 1673.15612792969 2091.06640625 2497.81958007812 2524.85400390625 2940.71704101562 4788.6953125 2458.04467773438 3573.419921875 2892.24194335938 2955.431640625 2285.21508789062 1790.42504882812 1767.21435546875 1717.83862304688 1667.67236328125 1590.33361816406
-3.4e+38 -3.4e+38 -3.4e+38 -3.4e+38 -3.4e+38 -3.4e+38 -3.4e+38 -3.4e+38 -3.4e+38 -3.4e+38 -3.4e+38 -3.4e+38 -3.4e+38 -3.4e+38 -3.4e+38 -3.4e+38 -3.4e+38 -3.4e+38 -3.4e+38 -3.4e+38 -3.4e+38 -3.4e+38 -3.4e+38 -3.4e+38 -3.4e+38 -3.4e+38 -3.4e+38 -3.4e+38 -3.4e+38 -3.4e+38 -3.4e+38 -3.4e+38 1609.47119140625 1628.67407226562 1707.61218261719 1781.3291015625 2114.5 2420.61987304688 2521.94677734375 3192.54565429688 4548.64111328125 3247.10034179688 2606.49267578125 2898.95922851562 2430.82861328125 1847.16931152344 1809.95141601562 1759.47607421875 1647.09069824219 1554.92626953125
-3.4e+38 -3.4e+38 -3.4e+38 -3.4e+38 -3.4e+38 -3.4e+38 -3.4e+38 -3.4e+38 -3.4e+38 -3.4e+38 -3.4e+38 -3.4e+38 -3.4e+38 -3.4e+38 -3.4e+38 -3.4e+38 -3.4e+38 -3.4e+38 -3.4e+38 -3.4e+38 -3.4e+38 -3.4e+38 -3.4e+38 -3.4e+38 -3.4e+38 -3.4e+38 -3.4e+38 -3.4e+38 -3.4e+38 -3.4e+38 -3.4e+38 -3.4e+38 -3.4e+38 1639.6259765625 1713.99267578125 1767.34143066406 1711.44812011719 2041.99462890625 2304.10034179688 3465.44604492188 4468.2939453125 2265.32568359375 3003.58935546875 2977.79150390625 2541.857421875 1943.1806640625 1843.72229003906 1768.44152832031 1596.02331542969 1528.41552734375
