MCO_data_requests/covino_4_2_2020/subwatershed_outputs/eslc_flow_accumulation_utm_10m.asc
NCOLS 276 
NROWS 641 
XLLCORNER 424181.519902415 
YLLCORNER 4409297.22541033 
CELLSIZE 10 
NODATA_value -3.4e+38 
[rows 368 to 390 of 641, columns 50 to 99 of 276]
2221.3349609375 2637.44360351562 4155.3759765625 4951.24267578125 5745.99609375 7042.8232421875 8426.4248046875 9678.3935546875 11123.68359375 11847.689453125 11135.4140625 12555.951171875 13669.6318359375 13571.8720703125 19138.876953125 57693.328125 65471.7109375 12507.2724609375 1540.05932617188 872.132690429688 704.061767578125 638.655395507812 702.741882324219 487.063873291016 419.155731201172 407.333953857422 391.868713378906 232.634490966797 293.777618408203 293.304382324219 485.593902587891 848.822387695312 2512.91479492188 13582.1201171875 72935.6015625 39968.98828125 1755.73449707031 479.849395751953 469.434295654297 429.081115722656 721.274169921875 1073.984375 1355.94384765625 1056.21350097656 1059.13269042969 1003.10076904297 915.216186523438 1223.25561523438 1524.27673339844 1612.73596191406
2788.28442382812 4133.4423828125 5004.16650390625 6413.5673828125 7902.703125 9103.087890625 10575.302734375 11641.537109375 11793.748046875 12576.2431640625 13877.455078125 13714.611328125 13216.82421875 14001.890625 25989.513671875 72938.3359375 36597.4296875 5053.23046875 1262.25988769531 757.335510253906 616.308288574219 550.241516113281 631.785705566406 416.335571289062 353.639953613281 323.127807617188 283.754730224609 266.937774658203 293.067443847656 492.586608886719 953.976989746094 3381.40307617188 10748.501953125 56444.640625 59008.15625 2006.77282714844 345.117736816406 341.338836669922 392.040191650391 478.107025146484 867.696105957031 1231.06750488281 702.035827636719 893.064514160156 1088.39208984375 1041.29223632812 1039.5478515625 1264.50244140625 1422.13586425781 1483.03161621094
4251.89453125 5471.65087890625 6452.59765625 8141.54736328125 10258.2568359375 11736.287109375 12721.326171875 13505.029296875 13470.3876953125 13569.16015625 14360.4541015625 14003.55078125 13671.17578125 12643.8671875 42916.11328125 65172.44921875 16935.4921875 2622.20239257812 1075.40979003906 644.488037109375 513.102966308594 470.336242675781 580.4970703125 355.505126953125 334.48876953125 204.450958251953 215.091201782227 292.478363037109 519.260864257812 1092.50219726562 4173.73291015625 10809.224609375 14932.3955078125 79020.3828125 19687.5078125 460.09326171875 327.579895019531 304.550659179688 317.711212158203 464.245513916016 788.445373535156 1114.70397949219 725.648620605469 797.560913085938 920.79296875 1023.66076660156 1144.86853027344 1192.90869140625 1351.56506347656 1338.82971191406
5844.73681640625 6816.68408203125 8959.6484375 11844.90625 13425.46875 14023.6728515625 14265.759765625 14956.8798828125 14889.298828125 13893.8779296875 13873.4072265625 14545.3037109375 13657.193359375 18042.205078125 66383.0703125 34869.44140625 6321.25390625 1721.34289550781 952.346618652344 546.51416015625 400.036956787109 387.384643554688 614.11376953125 295.242370605469 194.793411254883 240.947250366211 368.215118408203 658.294616699219 1627.6552734375 5960.41162109375 11687.2265625 8850.8798828125 39098.875 62285.17578125 1512.39733886719 373.732513427734 307.031890869141 281.963653564453 341.365844726562 393.184936523438 684.2509765625 1061.69152832031 716.014892578125 748.744750976562 800.4931640625 889.200805664062 1049.31005859375 1141.22814941406 1321.43908691406 1287.94616699219
7225.01611328125 10002.3115234375 13732.630859375 15940.9755859375 15896.2373046875 15695.466796875 15682.712890625 15231.2724609375 15074.638671875 14807.408203125 13554.1796875 11855.59765625 11774.119140625 30613.92578125 62639.51953125 15788.572265625 3007.31518554688 1260.27770996094 815.281799316406 457.192840576172 312.569366455078 649.708435058594 288.925842285156 272.894989013672 367.40966796875 528.204956054688 882.337158203125 2365.1728515625 8953.017578125 12487.22265625 7450.4541015625 6341.17822265625 76089.3828125 18994.79296875 1121.21472167969 316.790710449219 251.069427490234 279.367218017578 314.63671875 334.084442138672 678.949279785156 963.861450195312 674.355346679688 698.858276367188 740.200622558594 767.67138671875 887.1328125 1036.76953125 1239.66784667969 1197.77490234375
11180.8251953125 14938.970703125 16671.697265625 16321.0556640625 16005.873046875 16219.365234375 15857.681640625 14741.177734375 14150.47265625 13460.50390625 11285.740234375 9800.5146484375 10111.267578125 49920.25 40152.5625 8997.2216796875 2060.07739257812 997.535705566406 685.45654296875 388.885009765625 660.048461914062 285.874938964844 401.239013671875 562.835998535156 763.217895507812 1177.1181640625 2888.68188476562 10206.83984375 10303.9033203125 4318.45654296875 2837.603515625 32431.392578125 59683.88671875 4764.09423828125 1259.80590820312 369.111358642578 195.749969482422 279.582366943359 219.459655761719 357.950317382812 639.720458984375 837.133911132812 635.059265136719 639.765319824219 667.990173339844 701.089599609375 786.693359375 953.559509277344 1129.12890625 1079.73974609375
16027.6171875 17524.53515625 16818.130859375 15996.5361328125 15670.1826171875 15112.318359375 14169.640625 12554.9228515625 10645.7373046875 9338.5986328125 8740.4609375 7686.7958984375 24579.44921875 48942.203125 23295.978515625 4731.56298828125 1430.44543457031 819.269653320312 598.734436035156 801.047424316406 451.589111328125 562.110473632812 787.330017089844 1259.9853515625 2044.74084472656 4474.99169921875 11992.94921875 8247.755859375 2320.35864257812 1819.89270019531 10935.4140625 60914.38671875 23265.66796875 1765.578125 1279.50659179688 488.5615234375 184.777786254883 234.495452880859 214.095443725586 385.851165771484 529.577453613281 739.796752929688 569.243347167969 559.1376953125 608.814331054688 648.810791015625 723.504211425781 895.333984375 1055.98645019531 999.913024902344
17881.30078125 17212.39453125 16107.712890625 15368.2373046875 14287.3046875 12531.025390625 10766.1650390625 8870.2197265625 7315.7568359375 6573.75927734375 5786.2763671875 13419.2978515625 31995.029296875 40071.0546875 14283.8544921875 2937.0234375 1079.20654296875 746.813415527344 1033.28967285156 783.87890625 943.86767578125 1169.57739257812 1487.76550292969 2272.287109375 5811.73046875 11989.07421875 5394.6474609375 1627.20446777344 1358.37963867188 3669.67651367188 29398.7421875 59470.484375 2558.52294921875 1263.16357421875 1240.578125 552.951843261719 285.523071289062 221.229125976562 288.813720703125 240.988464355469 487.022674560547 649.072204589844 479.627746582031 498.327362060547 566.440063476562 607.525512695312 702.673400878906 846.024597167969 931.374450683594 929.940307617188
17432.19921875 15735.5390625 14110.001953125 12289.291015625 10388.7431640625 8853.58203125 7634.7333984375 6866.234375 6066.32568359375 5048.142578125 8960.4697265625 18803.228515625 34302.33203125 27981.8046875 10411.91796875 2959.82885742188 1037.49157714844 1225.44030761719 1097.74194335938 1270.40393066406 1588.83862304688 1818.66247558594 2391.61352539062 5415.775390625 8565.630859375 2803.24829101562 1369.45874023438 1129.32336425781 1578.00024414062 7432.34716796875 40496.64453125 43041.77734375 2309.0263671875 809.028930664062 1169.55419921875 606.682678222656 384.536712646484 241.778060913086 269.125305175781 208.982559204102 457.814544677734 527.988098144531 397.567901611328 494.319580078125 526.91064453125 571.757263183594 676.606506347656 815.975219726562 853.415222167969 875.622009277344
15674.4716796875 13148.35546875 11129.4765625 8849.3818359375 7135.02734375 6362.95849609375 6000.763671875 5357.01220703125 4708.0908203125 6535.89697265625 13556.369140625 23728.267578125 30382.953125 19000.826171875 8138.15478515625 2562.46411132812 1669.30163574219 1413.06335449219 1455.23400878906 1720.34094238281 2092.57348632812 2651.57934570312 4560.443359375 7258.9462890625 2210.54907226562 1351.947265625 1126.14489746094 1044.73913574219 2344.13134765625 13349.646484375 38509.47265625 35752.3203125 2898.32348632812 1035.35729980469 854.331298828125 713.840270996094 494.254974365234 266.596801757812 272.347381591797 224.462036132812 397.789916992188 398.503997802734 339.477661132812 447.609222412109 531.360168457031 551.806335449219 629.589050292969 750.4189453125 891.997802734375 808.599731445312
12506.458984375 9816.6943359375 7837.86865234375 6405.49072265625 5662.07958984375 5089.96484375 4411.48779296875 3598.71435546875 4089.00073242188 7722.5888671875 17623.83203125 29843.6953125 24361.42578125 13682.6982421875 5524.8232421875 2033.79479980469 1433.49145507812 1335.64672851562 1460.84741210938 1652.80871582031 2281.09497070312 4379.51123046875 6478.2021484375 2142.14721679688 1192.31103515625 1087.64233398438 1013.08123779297 956.318115234375 4967.9580078125 23805.625 35573.19140625 22699.591796875 3717.84252929688 1148.68798828125 909.572814941406 704.957763671875 544.675231933594 432.121612548828 249.056884765625 226.361373901367 313.731231689453 341.0986328125 283.384063720703 365.346466064453 511.067047119141 576.874328613281 551.537780761719 808.96044921875 802.553283691406 770.704772949219
8476.619140625 6846.93359375 5849.25146484375 5109.9130859375 4429.74072265625 3735.90014648438 3135.93872070312 3180.21459960938 4595.59912109375 8056.861328125 21053.720703125 31339.90234375 22733.822265625 9453.8876953125 3346.74560546875 1355.28845214844 847.931091308594 1003.07690429688 1210.96166992188 1663.15991210938 2406.43286132812 3847.38647460938 2760.12890625 1504.06555175781 1136.42712402344 1016.064453125 834.615539550781 1380.1533203125 12888.3603515625 34444.01171875 23807.732421875 12747.8955078125 4251.37841796875 1203.94360351562 835.690490722656 668.41943359375 603.954772949219 554.082946777344 334.873840332031 165.998001098633 327.566162109375 254.55046081543 249.235961914062 317.512817382812 497.040802001953 540.6318359375 626.248107910156 735.079833984375 771.491271972656 860.077026367188
5812.39111328125 5354.7275390625 4921.11279296875 4090.12451171875 3395.43041992188 2895.35693359375 3059.81518554688 3547.09692382812 4156.8642578125 8505.1162109375 24955.990234375 32151.595703125 19567.66796875 6340.0400390625 1911.7744140625 751.891784667969 734.172180175781 908.100036621094 1303.94213867188 1872.35815429688 2714.9658203125 2266.87377929688 1862.36364746094 1312.39782714844 1094.33764648438 941.435791015625 890.625305175781 3567.60717773438 28317.318359375 31077.0390625 10224.9775390625 9011.734375 4886.31494140625 1472.97998046875 853.491027832031 649.520080566406 617.972595214844 586.899780273438 383.931091308594 203.943130493164 332.664825439453 202.497894287109 209.963821411133 352.437805175781 484.398895263672 547.477478027344 583.407897949219 736.431457519531 808.147033691406 813.655639648438
4804.83642578125 4352.47412109375 3587.32788085938 3079.81127929688 2942.5673828125 2994.94384765625 3320.38647460938 3119.06469726562 3877.72094726562 9676.0087890625 29161.72265625 32228.927734375 15164.4267578125 3554.927734375 884.854675292969 634.172180175781 764.634582519531 1076.68969726562 1369.09619140625 2260.0478515625 2076.8603515625 1759.92492675781 1367.00744628906 1043.87841796875 966.074462890625 952.315307617188 1340.29125976562 11612.072265625 39954.97265625 14074.1943359375 5781.75146484375 6597.318359375 5845.55126953125 2010.27697753906 956.74609375 710.948364257812 618.968933105469 567.65283203125 377.651245117188 250.814010620117 338.324127197266 165.556335449219 219.466567993164 394.755065917969 476.824005126953 554.098815917969 607.454467773438 710.883911132812 783.976379394531 769.371520996094
3667.81274414062 3015.396484375 2662.7119140625 2560.08911132812 2684.35009765625 2931.37646484375 3010.52124023438 3000.91845703125 4208.798828125 11216.697265625 34979.07421875 30760.48046875 8411.423828125 1249.03759765625 799.162170410156 672.246154785156 963.099975585938 1226.83349609375 1684.44189453125 1773.982421875 1643.94384765625 1582.94482421875 1086.78894042969 840.502807617188 833.255310058594 1134.47155761719 3422.47802734375 26538.654296875 28632.388671875 7392.205078125 4971.21923828125 4918.02001953125 5383.33203125 3369.04638671875 1212.19519042969 763.840270996094 656.45068359375 525.569030761719 362.375793457031 245.09846496582 347.166931152344 170.556411743164 237.240783691406 413.425048828125 479.302490234375 575.895324707031 698.092651367188 665.505737304688 687.842102050781 694.950805664062
2431.27026367188 2293.87426757812 2187.3525390625 2295.19702148438 2503.66552734375 2758.28002929688 2738.20141601562 2820.60522460938 5679.369140625 11629.1357421875 42678.40234375 25464.400390625 1723.69848632812 989.745971679688 789.992431640625 936.151977539062 978.131652832031 1369.03833007812 1522.34216308594 1341.26928710938 1432.58251953125 1359.41296386719 948.565490722656 710.72314453125 904.847412109375 1595.88818359375 11496.9580078125 35001.15234375 11733.3095703125 5839.4453125 4681.779296875 4060.38671875 4035.29248046875 4069.96606445312 2049.99877929688 908.199890136719 645.040588378906 500.086303710938 340.218780517578 232.293273925781 350.12158203125 193.190399169922 258.715209960938 395.220520019531 512.562744140625 551.330688476562 621.023132324219 725.943969726562 805.18408203125 631.257141113281
2006.41137695312 1980.85522460938 2025.68017578125 2101.6064453125 2178.29858398438 2553.22216796875 2704.60107421875 3556.19580078125 6188.31884765625 10076.55859375 40704.359375 25034.81640625 1909.38037109375 761.883239746094 1015.63854980469 877.164855957031 1030.78723144531 1259.1689453125 1197.41821289062 1236.77648925781 1376.03662109375 1161.26879882812 820.8427734375 742.672668457031 1306.58911132812 2866.04638671875 28376.140625 21076.404296875 6355.16552734375 5183.5439453125 4198.67041015625 3658.20654296875 3466.6708984375 3883.18212890625 2594.97241210938 1062.19421386719 651.456237792969 482.385772705078 322.561370849609 250.072402954102 357.766662597656 216.029434204102 289.998382568359 399.310150146484 488.319549560547 516.779418945312 597.6923828125 698.321228027344 570.037170410156 693.515747070312
1828.892578125 1896.08935546875 2083.15991210938 1957.5029296875 2025.96643066406 2403.46997070312 2932.81713867188 3941.88305664062 5823.2490234375 7923.53125 31434.1484375 32962.2890625 2379.1884765625 1181.47875976562 829.424926757812 863.810913085938 984.578918457031 1022.81750488281 1005.70471191406 1178.54406738281 1333.9404296875 1079.65698242188 740.405578613281 1226.78881835938 1082.38916015625 11217.837890625 28889.896484375 10592.4326171875 6272.38427734375 5096.0009765625 3934.44067382812 3485.80737304688 3318.65014648438 3354.15869140625 2567.15673828125 1245.78881835938 741.318359375 532.656311035156 331.050018310547 243.831802368164 347.154724121094 247.309997558594 315.863342285156 419.008056640625 416.779418945312 477.539886474609 558.330383300781 633.825134277344 777.902160644531 835.5048828125
1764.43212890625 2013.07836914062 1998.69653320312 1899.048828125 2002.87817382812 2617.38842773438 3177.24243164062 3790.13061523438 4919.50390625 6534.6669921875 19121.7109375 41784.72265625 5055.6083984375 1527.42016601562 790.771179199219 877.617065429688 858.886840820312 867.362670898438 959.816650390625 1096.93383789062 1225.96875 1039.22534179688 1180.11145019531 1039.24597167969 1827.52282714844 25297.40625 15371.357421875 7403.89013671875 6002.07666015625 5209.3203125 3873.21484375 3363.66918945312 3029.869140625 2915.66943359375 2459.07788085938 1487.19909667969 787.9296875 618.529296875 380.706024169922 240.080505371094 319.963989257812 252.444320678711 326.327819824219 403.271850585938 381.112426757812 468.269165039062 564.421936035156 737.201538085938 828.478271484375 909.364685058594
1738.66442871094 2044.85668945312 2058.31201171875 1902.87817382812 2125.92749023438 2823.26196289062 3140.60473632812 3265.96606445312 4236.2734375 5691.041015625 12794.193359375 44480.109375 7573.42431640625 1758.642578125 850.917846679688 822.414306640625 807.711669921875 887.53759765625 912.707397460938 991.262329101562 1238.17626953125 1260.27111816406 1536.05969238281 2256.96484375 13776.666015625 18883.236328125 8743.357421875 6343.97119140625 5444.91943359375 4980.51708984375 3790.43505859375 3315.85571289062 2954.3515625 2830.96069335938 2243.98681640625 1407.48120117188 830.568603515625 583.603637695312 464.977661132812 294.623870849609 290.17431640625 253.099304199219 326.733032226562 358.901062011719 373.669189453125 458.184143066406 683.13427734375 771.408752441406 756.952209472656 836.308166503906
1672.73803710938 2032.06237792969 2131.76635742188 2022.85388183594 2194.43139648438 2796.4892578125 2913.94091796875 2931.30590820312 3842.95190429688 5502.6181640625 12309.7158203125 42554.7265625 8220.4697265625 1866.10778808594 859.008056640625 789.751708984375 867.385314941406 924.970703125 881.033325195312 1090.56604003906 1345.15539550781 1478.14636230469 1762.02697753906 4146.9580078125 16754.9765625 11882.6015625 7527.6552734375 5943.298828125 5020.51171875 4875.2646484375 3925.14501953125 3215.71704101562 2927.1826171875 2726.40087890625 2027.00402832031 1320.68835449219 826.042175292969 609.391662597656 458.111755371094 396.861297607422 263.047210693359 284.830749511719 246.490936279297 368.568359375 355.196716308594 541.231079101562 614.530822753906 547.192443847656 676.345458984375 775.402709960938
1739.40124511719 2049.24755859375 2154.26953125 2047.02416992188 2249.15161132812 2706.33178710938 2718.12255859375 2906.98706054688 3697.63842773438 5363.72216796875 13690.9345703125 40837.98046875 6375.3671875 1898.10717773438 940.281555175781 801.5595703125 811.009033203125 964.011169433594 1092.25988769531 1198.09069824219 1445.20349121094 1712.46484375 2283.287109375 7260.21484375 14019.5859375 8619.3798828125 6890.7197265625 5700.8291015625 4890.78759765625 4648.978515625 3892.25073242188 3207.9921875 2921.05859375 2631.451171875 1860.84387207031 1292.62536621094 905.766662597656 639.041870117188 424.192321777344 396.529876708984 304.584930419922 257.085693359375 248.3603515625 351.178253173828 439.940887451172 554.401672363281 441.283416748047 554.734008789062 691.796875 789.179870605469
1895.13854980469 2143.35620117188 2081.95458984375 2058.62426757812 2242.271484375 2637.421875 2727.42138671875 2946.54052734375 3429.23095703125 5519.9072265625 13967.2578125 37514.77734375 6934.544921875 1945.24633789062 1039.32446289062 773.173461914062 774.423706054688 1180.6142578125 1179.69519042969 1262.64929199219 1652.85534667969 2052.8125 3589.48413085938 9331.1328125 11017.556640625 6950.0166015625 5802.38525390625 4904.96728515625 4672.10498046875 4534.837890625 3692.00317382812 3085.38623046875 2872.54541015625 2685.52807617188 1912.68688964844 1316.36840820312 924.753784179688 641.522033691406 438.917602539062 310.490692138672 377.202667236328 208.587982177734 306.163879394531 383.834106445312 468.147033691406 384.538696289062 473.902709960938 600.86376953125 676.081970214844 752.133972167969
