MCO_data_requests/covino_4_2_2020/subwatershed_outputs/eslc_flow_accumulation_utm_10m.asc
NCOLS 276 
NROWS 641 
XLLCORNER 424181.519902415 
YLLCORNER 4409297.22541033 
CELLSIZE 10 
NODATA_value -3.4e+38 
[rows 299 to 321 of 641, columns 150 to 199 of 276]
4966.74609375 3199.01489257812 3345.55712890625 3297.4091796875 3209.27124023438 2890.65673828125 2627.99340820312 2557.2470703125 2493.66528320312 2416.01635742188 2339.572265625 2262.5888671875 2167.90649414062 2092.70654296875 1994.08203125 1893.28332519531 1789.28149414062 1690.48095703125 1592.94372558594 1493.15295410156 1392.88391113281 1292.75427246094 1186.79553222656 1077.39624023438 974.819213867188 868.612854003906 767.151550292969 689.410949707031 597.5263671875 492.394500732422 390.512664794922 305.53369140625 274.539459228516 210.696273803711 112.171043395996 100 -3.4e+38 -3.4e+38 -3.4e+38 -3.4e+38 -3.4e+38 -3.4e+38 -3.4e+38 -3.4e+38 -3.4e+38 -3.4e+38 -3.4e+38 -3.4e+38 -3.4e+38 -3.4e+38
3238.80224609375 3593.22216796875 4169.00048828125 4178.1220703125 3504.01000976562 2993.421875 2725.16064453125 2651.8876953125 2640.19604492188 2542.8583984375 2410.92114257812 2307.115234375 2214.58178710938 2140.15551757812 2049.54248046875 1926.79748535156 1808.89135742188 1715.46130371094 1628.20166015625 1528.47082519531 1432.26232910156 1345.322265625 1252.76171875 1163.41149902344 1058.53527832031 946.829406738281 842.630676269531 728.284301757812 626.185668945312 534.85400390625 429.165832519531 317.493469238281 192.616622924805 189.928161621094 118.149841308594 100 -3.4e+38 -3.4e+38 -3.4e+38 -3.4e+38 -3.4e+38 -3.4e+38 -3.4e+38 -3.4e+38 -3.4e+38 -3.4e+38 -3.4e+38 -3.4e+38 -3.4e+38 -3.4e+38
3963.40747070312 4841.0654296875 4629.5166015625 3781.41015625 3276.63916015625 3009.591796875 2833.73193359375 2740.060546875 2653.57104492188 2551.45166015625 2454.15600585938 2360.20581054688 2253.30102539062 2132.54345703125 2030.03747558594 1933.830078125 1827.3828125 1711.13110351562 1607.7333984375 1511.44995117188 1410.48059082031 1305.82287597656 1205.21215820312 1105.16369628906 1011.11700439453 933.6787109375 844.036987304688 738.543334960938 642.786499023438 540.387268066406 442.877624511719 354.604156494141 266.502777099609 100 100 403.9189453125 -3.4e+38 -3.4e+38 -3.4e+38 -3.4e+38 -3.4e+38 -3.4e+38 -3.4e+38 -3.4e+38 -3.4e+38 -3.4e+38 -3.4e+38 -3.4e+38 -3.4e+38 -3.4e+38
5711.62939453125 5329.83642578125 3873.45971679688 3129.74951171875 3006.59228515625 2983.51684570312 2897.28173828125 2732.97875976562 2636.02270507812 2538.31469726562 2430.27563476562 2317.13134765625 2213.01049804688 2115.986328125 2011.81127929688 1925.25634765625 1843.24572753906 1744.38208007812 1640.44396972656 1546.66442871094 1434.35363769531 1323.38427734375 1214.85485839844 1103.13952636719 999.327087402344 895.872497558594 800.251892089844 716.880920410156 628.069519042969 543.127136230469 463.042510986328 378.997314453125 306.337554931641 238.082962036133 191.085906982422 112.833000183105 -3.4e+38 -3.4e+38 -3.4e+38 -3.4e+38 -3.4e+38 -3.4e+38 -3.4e+38 -3.4e+38 -3.4e+38 -3.4e+38 -3.4e+38 -3.4e+38 -3.4e+38 -3.4e+38
6208.00341796875 4365.83203125 3425.42333984375 3099.533203125 3015.30200195312 2980.87060546875 2876.16015625 2765.64404296875 2696.85424804688 2644.90673828125 2535.78295898438 2401.5361328125 2264.95166015625 2142.58422851562 2050.03369140625 1955.65698242188 1866.41369628906 1774.60119628906 1675.318359375 1576.958984375 1476.35009765625 1373.66052246094 1275.85388183594 1176.48510742188 1068.71716308594 959.685791015625 845.483947753906 747.553039550781 651.659545898438 561.414367675781 470.852722167969 380.477783203125 314.929046630859 250.339263916016 188.414520263672 103.918907165527 100 -3.4e+38 -3.4e+38 -3.4e+38 -3.4e+38 -3.4e+38 -3.4e+38 -3.4e+38 -3.4e+38 -3.4e+38 -3.4e+38 -3.4e+38 -3.4e+38 -3.4e+38
4454.89990234375 3683.96484375 3379.58764648438 3146.0439453125 3083.9140625 3060.96411132812 2947.84008789062 2879.08715820312 2818.0869140625 2773.41796875 2697.70263671875 2588.58911132812 2417.52563476562 2240.61181640625 2121.22827148438 2037.39733886719 1941.8046875 1855.79895019531 1762.08227539062 1647.98071289062 1549.24877929688 1470.6767578125 1386.33911132812 1296.82153320312 1205.82568359375 1092.08264160156 983.90625 885.862731933594 786.508483886719 682.639709472656 581.971252441406 476.763153076172 367.420257568359 278.472412109375 190.584884643555 100 100 -3.4e+38 -3.4e+38 -3.4e+38 -3.4e+38 -3.4e+38 -3.4e+38 -3.4e+38 -3.4e+38 -3.4e+38 -3.4e+38 -3.4e+38 -3.4e+38 -3.4e+38
3461.021484375 3405.0556640625 3336.390625 3164.99951171875 3124.01000976562 3110.79370117188 2989.58349609375 2872.57763671875 2778.02514648438 2677.6181640625 2524.27856445312 2375.328125 2260.12670898438 2148.7021484375 2055.27661132812 1989.08459472656 1927.92456054688 1840.11645507812 1740.95825195312 1643.53100585938 1542.69738769531 1442.08898925781 1343.08264160156 1244.70190429688 1150.64111328125 1055.89880371094 954.996032714844 847.160034179688 759.678405761719 684.0009765625 594.180419921875 488.793243408203 376.002227783203 274.766448974609 194.597045898438 100 100 -3.4e+38 -3.4e+38 -3.4e+38 -3.4e+38 -3.4e+38 -3.4e+38 -3.4e+38 -3.4e+38 -3.4e+38 -3.4e+38 -3.4e+38 -3.4e+38 -3.4e+38
3292.306640625 3259.20263671875 3357.05688476562 3285.82568359375 3129.447265625 2964.28100585938 2855.31665039062 2740.41040039062 2620.10400390625 2559.84106445312 2469.99194335938 2350.23828125 2250.82446289062 2152.21655273438 2083.73095703125 2047.86791992188 1973.69018554688 1876.1552734375 1772.76196289062 1660.88977050781 1535.51245117188 1418.30554199219 1295.35803222656 1178.30700683594 1079.15747070312 991.779602050781 904.576293945312 810.468688964844 703.705383300781 588.986572265625 472.339874267578 379.658569335938 312.458740234375 241.977142333984 169.559097290039 100 100 -3.4e+38 -3.4e+38 -3.4e+38 -3.4e+38 -3.4e+38 -3.4e+38 -3.4e+38 -3.4e+38 -3.4e+38 -3.4e+38 -3.4e+38 -3.4e+38 -3.4e+38
3294.41918945312 3268.5595703125 3265.01611328125 3205.7734375 2998.88037109375 2880.60522460938 2831.76708984375 2775.6005859375 2730.26904296875 2688.81713867188 2641.60546875 2560.86108398438 2450.59838867188 2384.65869140625 2309.546875 2210.95532226562 2106.17602539062 1997.25842285156 1880.67700195312 1777.03186035156 1681.712890625 1569.93774414062 1454.54248046875 1354.9501953125 1246.0712890625 1121.07092285156 1000.58538818359 891.298889160156 782.011962890625 673.000122070312 566.225891113281 464.257751464844 358.670867919922 253.493713378906 152.925552368164 100 341.668670654297 -3.4e+38 -3.4e+38 -3.4e+38 -3.4e+38 -3.4e+38 -3.4e+38 -3.4e+38 -3.4e+38 -3.4e+38 -3.4e+38 -3.4e+38 -3.4e+38 -3.4e+38
3599.97290039062 3357.33935546875 3128.9619140625 3114.3232421875 3045.85107421875 3001.474609375 2955.84130859375 2863.375 2813.9091796875 2726.68725585938 2650.76123046875 2582.8759765625 2478.86083984375 2363.9453125 2249.73876953125 2135.01196289062 2065.03344726562 1985.09521484375 1898.12219238281 1797.58581542969 1712.89208984375 1613.14868164062 1513.06945800781 1411.51257324219 1311.55004882812 1215.7158203125 1109.55822753906 994.281555175781 880.473205566406 767.931274414062 673.097229003906 555.058166503906 429.735382080078 299.541931152344 165.650024414062 141.668670654297 100 -3.4e+38 -3.4e+38 -3.4e+38 -3.4e+38 -3.4e+38 -3.4e+38 -3.4e+38 -3.4e+38 -3.4e+38 -3.4e+38 -3.4e+38 -3.4e+38 -3.4e+38
3611.28540039062 3313.22900390625 3143.76049804688 3204.3076171875 3160.54345703125 3129.0478515625 3009.19067382812 2898.57739257812 2853.18139648438 2749.96557617188 2638.8662109375 2561.45556640625 2481.51831054688 2379.19091796875 2280.638671875 2186.55078125 2080.64965820312 1987.1328125 1897.55969238281 1804.68383789062 1703.51184082031 1619.1748046875 1522.09704589844 1414.22888183594 1306.46472167969 1218.18359375 1120.01892089844 1021.05895996094 928.305603027344 825.923706054688 716.22216796875 618.723266601562 506.717529296875 401.697265625 297.358032226562 197.439544677734 100 100 -3.4e+38 -3.4e+38 -3.4e+38 -3.4e+38 -3.4e+38 -3.4e+38 -3.4e+38 -3.4e+38 -3.4e+38 -3.4e+38 -3.4e+38 -3.4e+38
3471.92529296875 3325.12329101562 3213.13134765625 3099.7353515625 3120.77294921875 3033.4931640625 2930.02709960938 2844.50537109375 2713.35791015625 2616.74267578125 2530.4658203125 2454.77905273438 2404.43310546875 2359.89501953125 2296.26586914062 2213.12036132812 2112.6767578125 2012.69262695312 1911.08093261719 1818.15075683594 1738.73999023438 1638.65258789062 1539.61804199219 1442.68334960938 1336.92333984375 1221.35681152344 1122.29333496094 1017.84155273438 908.767150878906 802.599060058594 701.537536621094 594.052307128906 500.872222900391 403.597930908203 299.882598876953 204.484558105469 100 100 -3.4e+38 -3.4e+38 -3.4e+38 -3.4e+38 -3.4e+38 -3.4e+38 -3.4e+38 -3.4e+38 -3.4e+38 -3.4e+38 -3.4e+38 -3.4e+38
3372.232421875 3348.80249023438 3170.48413085938 3052.08740234375 3061.80932617188 2921.681640625 2817.0869140625 2704.3046875 2560.36572265625 2483.21533203125 2427.74658203125 2368.68872070312 2397.70336914062 2423.11889648438 2354.31982421875 2254.71142578125 2154.072265625 2053.1181640625 1929.96862792969 1831.27111816406 1729.40734863281 1607.98681640625 1503.94653320312 1410.5986328125 1329.14624023438 1234.36926269531 1141.7294921875 1066.81274414062 969.002807617188 855.234436035156 749.210021972656 642.216491699219 527.365661621094 414.905456542969 310.635070800781 203.355834960938 100 100 -3.4e+38 -3.4e+38 -3.4e+38 -3.4e+38 -3.4e+38 -3.4e+38 -3.4e+38 -3.4e+38 -3.4e+38 -3.4e+38 -3.4e+38 -3.4e+38
3349.671875 3305.14306640625 3124.875 2962.37548828125 2912.115234375 2818.4560546875 2777.55615234375 2683.66943359375 2524.03002929688 2438.408203125 2387.92700195312 2381.96362304688 2465.36572265625 2528.6826171875 2490.56298828125 2401.32373046875 2323.74389648438 2215.19482421875 2094.52661132812 1969.40991210938 1839.21655273438 1701.744140625 1546.86340332031 1400.25964355469 1285.60461425781 1198.62854003906 1099.26672363281 989.71044921875 905.764587402344 830.289184570312 720.071960449219 614.814697265625 541.333740234375 443.009124755859 304.522979736328 199.127380371094 100 100 -3.4e+38 -3.4e+38 -3.4e+38 -3.4e+38 -3.4e+38 -3.4e+38 -3.4e+38 -3.4e+38 -3.4e+38 -3.4e+38 -3.4e+38 -3.4e+38
3410.03491210938 3227.046875 3101.94702148438 3003.8115234375 2934.92260742188 2937.01586914062 2890.00512695312 2798.87524414062 2696.1337890625 2644.20263671875 2610.47436523438 2585.744140625 2497.9296875 2396.52465820312 2339.11791992188 2284.12573242188 2208.76391601562 2110.69897460938 2018.64282226562 1928.56652832031 1842.8056640625 1734.71826171875 1597.25109863281 1462.96691894531 1346.91467285156 1250.39245605469 1152.52075195312 1018.59704589844 887.867065429688 787.670166015625 682.567626953125 575.038696289062 459.692016601562 380.958404541016 332.099761962891 205.21858215332 100 100 100 -3.4e+38 -3.4e+38 -3.4e+38 -3.4e+38 -3.4e+38 -3.4e+38 -3.4e+38 -3.4e+38 -3.4e+38 -3.4e+38 -3.4e+38
3369.84106445312 3223.94360351562 3174.58715820312 3083.67993164062 3046.669921875 3186.873046875 3127.12426757812 3060.49243164062 2966.94995117188 2835.62133789062 2756.017578125 2647.85180664062 2520.29614257812 2438.4658203125 2383.54345703125 2290.4912109375 2177.01806640625 2081.68212890625 1998.21264648438 1902.57775878906 1786.40881347656 1698.5732421875 1621.52136230469 1513.62182617188 1402.15295410156 1310.55725097656 1231.20471191406 1136.68017578125 1031.29431152344 897.106750488281 783.701965332031 651.709533691406 493.465942382812 366.847351074219 277.425079345703 217.088150024414 100 100 100 -3.4e+38 -3.4e+38 -3.4e+38 -3.4e+38 -3.4e+38 -3.4e+38 -3.4e+38 -3.4e+38 -3.4e+38 -3.4e+38 -3.4e+38
3426.80053710938 3377.55126953125 3301.88549804688 3162.45434570312 3125.80224609375 3279.33203125 3350.53662109375 3288.27172851562 3128.60888671875 2949.21899414062 2825.64208984375 2760.134765625 2732.22338867188 2659.36962890625 2513.25439453125 2392.69848632812 2306.033203125 2210.0849609375 2107.17993164062 2006.66882324219 1911.98669433594 1786.2783203125 1659.22888183594 1575.47387695312 1514.35656738281 1433.80627441406 1320.39074707031 1197.12756347656 1092.05920410156 1015.92102050781 882.097412109375 716.168090820312 583.475952148438 417.880859375 257.745727539062 131.617248535156 100 300 100 -3.4e+38 -3.4e+38 -3.4e+38 -3.4e+38 -3.4e+38 -3.4e+38 -3.4e+38 -3.4e+38 -3.4e+38 -3.4e+38 -3.4e+38
3575.39208984375 3572.3759765625 3468.4990234375 3439.68212890625 3487.47900390625 3455.02783203125 3364.060546875 3288.29345703125 3240.45190429688 3129.13159179688 3047.60034179688 2956.61108398438 2906.37036132812 2862.005859375 2820.25439453125 2781.44409179688 2686.7470703125 2577.0654296875 2447.94506835938 2315.25610351562 2205.2197265625 2113.8798828125 2007.40051269531 1882.07592773438 1751.87097167969 1610.25805664062 1474.15673828125 1357.52062988281 1176.68542480469 984.669372558594 856.564636230469 763.407104492188 639.284973144531 494.034973144531 361.600036621094 203.968292236328 100 100 364.996490478516 -3.4e+38 -3.4e+38 -3.4e+38 -3.4e+38 -3.4e+38 -3.4e+38 -3.4e+38 -3.4e+38 -3.4e+38 -3.4e+38 -3.4e+38
3786.66186523438 3699.45874023438 3655.466796875 3692.53759765625 3569.27001953125 3363.45874023438 3368.70727539062 3327.7587890625 3215.57055664062 3043.35717773438 2919.87915039062 2857.33447265625 2806.28247070312 2713.08203125 2624.1083984375 2500.4599609375 2395.29028320312 2297.41821289062 2215.15991210938 2141.56420898438 2047.57763671875 1918.52087402344 1820.08471679688 1743.78125 1672.94213867188 1607.03393554688 1523.77819824219 1391.96447753906 1240.64086914062 1093.44421386719 921.882141113281 724.564147949219 564.100219726562 482.219757080078 395.081359863281 309.558258056641 196.192123413086 164.996475219727 100 100 -3.4e+38 -3.4e+38 -3.4e+38 -3.4e+38 -3.4e+38 -3.4e+38 -3.4e+38 -3.4e+38 -3.4e+38 -3.4e+38
3810.85473632812 3816.72705078125 3800.62451171875 3632.95825195312 3313.22485351562 3113.79272460938 3023.51708984375 2895.52661132812 2721.62280273438 2544.28588867188 2486.78466796875 2689.92114257812 2741.1982421875 2656.1279296875 2550.35498046875 2460.09814453125 2366.63330078125 2271.00439453125 2190.79443359375 2099.89086914062 2007.74865722656 1948.27856445312 1863.15454101562 1764.396484375 1668.87145996094 1551.83581542969 1436.50500488281 1334.1455078125 1265.95178222656 1179.54211425781 1060.30773925781 898.267639160156 704.308837890625 488.438323974609 349.073120117188 261.944580078125 218.198699951172 174.946624755859 100 100 -3.4e+38 -3.4e+38 -3.4e+38 -3.4e+38 -3.4e+38 -3.4e+38 -3.4e+38 -3.4e+38 -3.4e+38 -3.4e+38
3787.6826171875 3769.91967773438 3666.67211914062 3420.66943359375 3218.78784179688 3051.40161132812 2856.78930664062 2785.77612304688 2824.68310546875 2813.83984375 2756.41064453125 2699.24536132812 2606.57373046875 2498.50927734375 2389.66552734375 2306.75268554688 2212.56713867188 2118.44189453125 1991.45739746094 1866.91247558594 1752.95947265625 1642.69812011719 1556.32507324219 1474.44543457031 1386.44616699219 1311.63635253906 1236.98474121094 1136.70568847656 1036.26684570312 982.911193847656 956.966186523438 932.896118164062 877.224182128906 827.51123046875 652.730102539062 471.005584716797 309.974609375 160.056884765625 100 366.893676757812 -3.4e+38 -3.4e+38 -3.4e+38 -3.4e+38 -3.4e+38 -3.4e+38 -3.4e+38 -3.4e+38 -3.4e+38 -3.4e+38
3662.24633789062 3643.32397460938 3536.42797851562 3480.82421875 3419.75390625 3185.04150390625 3017.4599609375 2969.50805664062 2924.1572265625 2857.380859375 2751.5283203125 2584.18017578125 2520.6572265625 2437.11572265625 2305.587890625 2164.25512695312 2039.40502929688 1927.64221191406 1851.29772949219 1777.34777832031 1691.34057617188 1589.20874023438 1484.44714355469 1402.29992675781 1298.58251953125 1184.24572753906 1086.92297363281 1024.10192871094 973.90185546875 882.497985839844 787.869201660156 720.984680175781 672.859558105469 620.449340820312 567.120544433594 429.405822753906 291.182861328125 174.808578491211 166.893692016602 100 100 -3.4e+38 -3.4e+38 -3.4e+38 -3.4e+38 -3.4e+38 -3.4e+38 -3.4e+38 -3.4e+38 -3.4e+38
3638.58569335938 3638.2431640625 3659.21704101562 3544.47900390625 3311.2021484375 2961.3359375 2711.37133789062 2563.01049804688 2515.556640625 2611.88305664062 2582.47534179688 2426.26318359375 2278.48657226562 2101.97875976562 1998.26806640625 1890.3896484375 1783.53210449219 1684.25695800781 1572.06823730469 1470.7265625 1403.9091796875 1344.30590820312 1276.75073242188 1190.8828125 1104.63781738281 1018.23175048828 930.577392578125 857.265075683594 797.013427734375 752.676818847656 724.264343261719 671.139770507812 604.579040527344 513.613342285156 458.279174804688 433.239807128906 316.865631103516 223.770004272461 133.106307983398 100 377.309936523438 -3.4e+38 -3.4e+38 -3.4e+38 -3.4e+38 -3.4e+38 -3.4e+38 -3.4e+38 -3.4e+38 -3.4e+38
