MCO_data_requests/covino_4_2_2020/subwatershed_outputs/eslc_dem_utm_10m.asc
NCOLS 276 
NROWS 641 
XLLCORNER 424181.519902415 
YLLCORNER 4409297.22541033 
CELLSIZE 10 
NODATA_value -3.4e+38 
[rows 110 to 131 of 641, columns 50 to 99 of 276]
3044.64868164062 3042.18701171875 3039.65454101562 3037.49267578125 3035.93969726562 3034.4755859375 3033.03784179688 3031.66723632812 3030.375 3029.02294921875 3027.73950195312 3026.56762695312 3025.43530273438 3023.99267578125 3022.41333007812 3021.17822265625 3021.03784179688 3022.82836914062 3025.29345703125 3027.40844726562 3029.6171875 3032.06030273438 3034.25024414062 3036.00610351562 3037.89575195312 3039.86694335938 3041.51831054688 3042.6552734375 3043.15454101562 3042.60913085938 3041.525390625 3040.52099609375 3039.89697265625 3041.53271484375 3045.64306640625 3050.10668945312 3054.44409179688 3058.2216796875 3061.7568359375 3066.12133789062 3071.37084960938 3076.13012695312 3079.88696289062 3083.73071289062 3087.54541015625 3091.27001953125 3094.671875 3098.55834960938 3102.79174804688 3106.91870117188
3046.40380859375 3043.833984375 3041.17211914062 3038.78173828125 3037.00610351562 3035.47338867188 3034.0498046875 3032.708984375 3031.40625 3030.015625 3028.70971679688 3027.56225585938 3026.51220703125 3025.28857421875 3023.87451171875 3022.56567382812 3021.93530273438 3023.0166015625 3025.39819335938 3027.62548828125 3030.07763671875 3032.78198242188 3035.18188476562 3037.16674804688 3039.427734375 3041.91430664062 3044.14624023438 3045.48315429688 3045.59326171875 3044.61669921875 3043.57202148438 3042.8564453125 3043.02734375 3044.8974609375 3048.09301757812 3051.76733398438 3055.86987304688 3059.79296875 3063.61059570312 3068.35620117188 3073.57006835938 3078.06420898438 3081.74658203125 3085.6103515625 3089.35961914062 3093.00952148438 3096.41333007812 3100.3154296875 3104.46508789062 3108.53271484375
3048.162109375 3045.548828125 3042.73388671875 3040.20874023438 3038.19702148438 3036.42578125 3034.98120117188 3033.6474609375 3032.37182617188 3030.99780273438 3029.64184570312 3028.48022460938 3027.45361328125 3026.32958984375 3025.15209960938 3023.93774414062 3022.91235351562 3023.33276367188 3025.52124023438 3027.89892578125 3030.5546875 3033.40576171875 3036.01806640625 3038.43212890625 3041.32934570312 3044.40283203125 3047.091796875 3048.443359375 3048.12890625 3046.84423828125 3045.73046875 3045.36596679688 3046.25537109375 3047.88598632812 3050.03295898438 3053.1220703125 3057.27587890625 3061.47778320312 3065.58471679688 3070.55493164062 3075.64111328125 3079.92260742188 3083.65209960938 3087.48168945312 3091.09692382812 3094.64819335938 3098.10009765625 3102.05004882812 3106.072265625 3110.10864257812
3049.6865234375 3047.18115234375 3044.3017578125 3041.69116210938 3039.53588867188 3037.49389648438 3035.84521484375 3034.50366210938 3033.27954101562 3031.93017578125 3030.55810546875 3029.38012695312 3028.35131835938 3027.22827148438 3026.15551757812 3025.150390625 3024.06567382812 3023.90844726562 3025.67797851562 3028.16015625 3031.00024414062 3034.0546875 3036.86840820312 3039.76245117188 3043.2724609375 3046.66357421875 3049.29516601562 3050.55297851562 3050.30883789062 3049.1123046875 3047.97216796875 3047.52734375 3048.10766601562 3049.18823242188 3051.22241210938 3054.42504882812 3058.74438476562 3063.2587890625 3067.57739257812 3072.5087890625 3077.4892578125 3081.8505859375 3085.6005859375 3089.302734375 3092.826171875 3096.28930664062 3099.6796875 3103.62109375 3107.64916992188 3111.67163085938
3050.9443359375 3048.61352539062 3045.82153320312 3043.1435546875 3040.8720703125 3038.57006835938 3036.6103515625 3035.2568359375 3034.07495117188 3032.74877929688 3031.37817382812 3030.21118164062 3029.19995117188 3028.0830078125 3027.01123046875 3026.12622070312 3025.169921875 3024.70239257812 3026.03149414062 3028.6396484375 3031.7060546875 3034.86645507812 3037.87231445312 3041.1962890625 3045.06567382812 3048.43090820312 3050.626953125 3051.77368164062 3051.990234375 3051.22680664062 3050.16186523438 3049.42504882812 3049.2587890625 3049.99926757812 3052.24072265625 3055.86596679688 3060.34008789062 3064.962890625 3069.40063476562 3074.21899414062 3079.20434570312 3083.79833984375 3087.44799804688 3090.97192382812 3094.50073242188 3097.8984375 3101.20776367188 3105.07739257812 3109.14575195312 3113.25048828125
3052.06884765625 3049.86767578125 3047.25366210938 3044.55249023438 3042.14477539062 3039.62622070312 3037.41748046875 3035.95166015625 3034.76293945312 3033.43237304688 3032.08227539062 3030.93041992188 3029.89428710938 3028.80712890625 3027.75244140625 3026.88720703125 3026.01611328125 3025.5322265625 3026.6982421875 3029.376953125 3032.51196289062 3035.6943359375 3039.05541992188 3042.75341796875 3046.82153320312 3049.92944335938 3051.68627929688 3052.89770507812 3053.54541015625 3053.265625 3052.2392578125 3051.44018554688 3050.98315429688 3051.35205078125 3053.70581054688 3057.56518554688 3061.96484375 3066.59301757812 3071.087890625 3075.94116210938 3080.994140625 3085.58935546875 3089.08447265625 3092.44873046875 3096.01684570312 3099.40087890625 3102.69458007812 3106.5439453125 3110.63012695312 3114.76708984375
3053.1708984375 3051.037109375 3048.62158203125 3045.9912109375 3043.45825195312 3040.76904296875 3038.32739257812 3036.61962890625 3035.40234375 3034.09423828125 3032.77368164062 3031.61791992188 3030.52319335938 3029.42578125 3028.41455078125 3027.55859375 3026.71215820312 3026.177734375 3027.23266601562 3029.98779296875 3033.2880859375 3036.70385742188 3040.38647460938 3044.29223632812 3048.32202148438 3051.21801757812 3052.87719726562 3054.23193359375 3055.15649414062 3055.177734375 3054.44140625 3053.75415039062 3053.51708984375 3054.10864257812 3056.24951171875 3059.552734375 3063.50854492188 3068.23364257812 3072.75244140625 3077.66284179688 3082.69604492188 3087.05810546875 3090.38061523438 3093.78125 3097.37280273438 3100.76098632812 3104.078125 3107.99560546875 3112.09155273438 3116.14477539062
3054.27416992188 3052.14892578125 3049.88623046875 3047.42431640625 3044.83178710938 3041.97485351562 3039.32153320312 3037.37158203125 3036.02099609375 3034.7509765625 3033.4599609375 3032.30932617188 3031.177734375 3030.00048828125 3028.95434570312 3028.13916015625 3027.32348632812 3026.64501953125 3027.41723632812 3030.326171875 3034.02954101562 3037.83178710938 3041.76220703125 3045.67944335938 3049.51220703125 3052.36083984375 3054.419921875 3056.22265625 3057.35693359375 3057.27514648438 3056.71142578125 3056.31689453125 3056.54833984375 3057.591796875 3059.06860351562 3061.29833984375 3064.88842773438 3069.76000976562 3074.37255859375 3079.30029296875 3084.234375 3088.27099609375 3091.45043945312 3094.94091796875 3098.55029296875 3101.97534179688 3105.462890625 3109.48315429688 3113.4931640625 3117.37963867188
3055.35302734375 3053.19750976562 3051.03051757812 3048.74462890625 3046.181640625 3043.16821289062 3040.38256835938 3038.24926757812 3036.65673828125 3035.33618164062 3034.06103515625 3032.90625 3031.70776367188 3030.49389648438 3029.41625976562 3028.61865234375 3027.8876953125 3027.1796875 3027.81030273438 3030.7177734375 3034.6416015625 3038.78051757812 3042.9814453125 3046.91430664062 3050.65087890625 3053.67602539062 3056.2763671875 3058.4921875 3059.79833984375 3059.79663085938 3059.2626953125 3058.9443359375 3059.18432617188 3059.95703125 3060.7578125 3062.5244140625 3066.26684570312 3071.12622070312 3075.734375 3080.72338867188 3085.56127929688 3089.33154296875 3092.42846679688 3095.92529296875 3099.662109375 3103.26049804688 3106.96606445312 3110.94018554688 3114.7216796875 3118.375
3056.38403320312 3054.20141601562 3052.0615234375 3049.88671875 3047.42065429688 3044.32397460938 3041.4345703125 3039.17822265625 3037.37548828125 3035.91333007812 3034.59619140625 3033.40869140625 3032.16552734375 3030.96875 3029.96044921875 3029.14599609375 3028.44165039062 3027.76196289062 3028.29028320312 3031.0908203125 3035.1474609375 3039.55053710938 3043.95825195312 3047.89233398438 3051.72216796875 3055.15625 3058.1376953125 3060.48413085938 3061.91162109375 3062.27416992188 3061.89453125 3061.5 3061.42358398438 3061.666015625 3061.96997070312 3063.59912109375 3067.64501953125 3072.4189453125 3076.8212890625 3081.77514648438 3086.466796875 3090.12133789062 3093.29565429688 3096.89770507812 3100.7861328125 3104.58227539062 3108.470703125 3112.30419921875 3115.7763671875 3119.14453125
3057.38549804688 3055.16577148438 3052.9482421875 3050.80029296875 3048.46069335938 3045.42578125 3042.46997070312 3040.15454101562 3038.14404296875 3036.44384765625 3035.11206054688 3033.92749023438 3032.69458007812 3031.4501953125 3030.447265625 3029.68701171875 3028.97900390625 3028.3203125 3028.7822265625 3031.46875 3035.67407226562 3040.28051757812 3044.78051757812 3048.72314453125 3052.68505859375 3056.46875 3059.61328125 3062.04052734375 3063.64575195312 3064.52807617188 3064.66259765625 3064.3310546875 3064.072265625 3064.22534179688 3064.32836914062 3065.64575195312 3069.29248046875 3073.5634765625 3077.72607421875 3082.51098632812 3086.99829101562 3090.6318359375 3094.03540039062 3097.9541015625 3101.9892578125 3105.90380859375 3109.8603515625 3113.42138671875 3116.59155273438 3119.82275390625
3058.39331054688 3056.0947265625 3053.7314453125 3051.54272460938 3049.29296875 3046.40673828125 3043.43969726562 3041.05639648438 3038.82104492188 3036.89721679688 3035.60913085938 3034.4423828125 3033.14770507812 3031.91650390625 3030.98315429688 3030.208984375 3029.46240234375 3028.81518554688 3029.27294921875 3031.94165039062 3036.2568359375 3040.98193359375 3045.55834960938 3049.546875 3053.54077148438 3057.36962890625 3060.41772460938 3062.93896484375 3064.9794921875 3066.61694335938 3067.50952148438 3067.630859375 3067.61572265625 3067.81616210938 3068.16162109375 3069.1376953125 3071.33642578125 3074.61303710938 3078.52661132812 3083.1484375 3087.41430664062 3091.03784179688 3094.55712890625 3098.7333984375 3102.97192382812 3106.90185546875 3110.80859375 3114.19506835938 3117.30493164062 3120.54541015625
3059.43359375 3057.03247070312 3054.52563476562 3052.263671875 3050.04467773438 3047.287109375 3044.33349609375 3041.84033203125 3039.43676757812 3037.33227539062 3035.96826171875 3034.85620117188 3033.58911132812 3032.38989257812 3031.4541015625 3030.6982421875 3029.96264648438 3029.28686523438 3029.76123046875 3032.47534179688 3036.8837890625 3041.6181640625 3046.0654296875 3050.0947265625 3054.2783203125 3058.15991210938 3061.06860351562 3063.64306640625 3066.24365234375 3068.72119140625 3070.265625 3071.15405273438 3071.69775390625 3071.99072265625 3072.29125976562 3072.58984375 3073.36181640625 3075.63671875 3079.283203125 3083.77001953125 3087.84521484375 3091.40258789062 3094.86157226562 3099.080078125 3103.57397460938 3107.546875 3111.42822265625 3114.6630859375 3117.8076171875 3121.12719726562
3060.53833007812 3058.01635742188 3055.37036132812 3053.01220703125 3050.78393554688 3048.10864257812 3045.162109375 3042.56201171875 3040.072265625 3037.84936523438 3036.29174804688 3035.1943359375 3033.96655273438 3032.7822265625 3031.84350585938 3031.1337890625 3030.42529296875 3029.75073242188 3030.26538085938 3033.02270507812 3037.4404296875 3042.11938476562 3046.4052734375 3050.39526367188 3054.67797851562 3058.69921875 3061.79931640625 3064.5771484375 3067.65942382812 3070.7421875 3072.73510742188 3074.10986328125 3074.88037109375 3075.22143554688 3075.37768554688 3075.380859375 3075.65625 3077.3232421875 3080.5205078125 3084.47338867188 3088.19140625 3091.76123046875 3095.337890625 3099.60375976562 3104.00122070312 3107.69384765625 3111.32763671875 3114.85180664062 3118.26171875 3121.67749023438
3061.66333007812 3058.9306640625 3056.11206054688 3053.669921875 3051.421875 3048.8056640625 3045.90405273438 3043.26123046875 3040.7138671875 3038.34741210938 3036.61450195312 3035.5126953125 3034.28076171875 3033.1171875 3032.2216796875 3031.50927734375 3030.814453125 3030.20581054688 3030.80395507812 3033.48828125 3037.74169921875 3042.46508789062 3046.75048828125 3050.75048828125 3055.0234375 3059.07104492188 3062.29223632812 3065.39526367188 3068.92041015625 3072.34545898438 3074.43188476562 3075.8525390625 3076.83349609375 3077.34716796875 3077.59399414062 3077.82104492188 3078.42578125 3080.01171875 3082.25170898438 3085.08227539062 3088.55688476562 3092.1689453125 3095.81494140625 3100.08618164062 3104.16552734375 3107.5078125 3111.00146484375 3114.76708984375 3118.57861328125 3122.25927734375
3062.56030273438 3059.55688476562 3056.65502929688 3054.19653320312 3051.8916015625 3049.310546875 3046.49194335938 3043.84692382812 3041.2236328125 3038.7216796875 3036.88793945312 3035.78735351562 3034.55444335938 3033.41870117188 3032.58666992188 3031.90942382812 3031.23095703125 3030.77392578125 3031.52807617188 3033.9423828125 3037.880859375 3042.7431640625 3047.08740234375 3051.10986328125 3055.30224609375 3059.20483398438 3062.45849609375 3066.060546875 3069.9189453125 3073.20971679688 3075.33081054688 3076.9560546875 3078.08813476562 3078.84033203125 3079.5029296875 3080.1748046875 3081.05639648438 3082.09326171875 3083.462890625 3085.681640625 3088.98364257812 3092.61962890625 3096.30419921875 3100.29858398438 3104.1484375 3107.21166992188 3110.59643554688 3114.5947265625 3118.61669921875 3122.42065429688
3063.02685546875 3059.90087890625 3057.06494140625 3054.63647460938 3052.24487304688 3049.6494140625 3046.93115234375 3044.29956054688 3041.60107421875 3039.01098632812 3037.1123046875 3036.00146484375 3034.8232421875 3033.7529296875 3032.98071289062 3032.359375 3031.70678710938 3031.44067382812 3032.38549804688 3034.46704101562 3038.07763671875 3043.025390625 3047.45678710938 3051.48803710938 3055.51879882812 3059.2060546875 3062.58203125 3066.54028320312 3070.58227539062 3073.71606445312 3075.82788085938 3077.71240234375 3079.201171875 3080.46655273438 3081.609375 3082.43017578125 3083.12109375 3083.84594726562 3084.74877929688 3086.40307617188 3089.5283203125 3093.26611328125 3096.7578125 3100.59887695312 3104.482421875 3107.30078125 3110.37133789062 3114.40698242188 3118.54565429688 3122.35107421875
3063.29077148438 3060.09741210938 3057.2978515625 3054.90112304688 3052.50610351562 3049.94775390625 3047.27075195312 3044.64331054688 3041.92041015625 3039.27954101562 3037.31616210938 3036.19116210938 3035.08569335938 3034.10791015625 3033.3740234375 3032.79614257812 3032.17700195312 3032.09155273438 3033.35327148438 3035.28051757812 3038.5712890625 3043.50341796875 3047.92358398438 3051.84741210938 3055.72485351562 3059.27612304688 3062.67407226562 3066.85034179688 3071.13134765625 3074.32275390625 3076.3291015625 3078.33813476562 3080.31079101562 3082.205078125 3083.64282226562 3084.64526367188 3085.25659179688 3085.74682617188 3086.517578125 3088.2451171875 3091.07470703125 3094.19165039062 3097.197265625 3100.8994140625 3104.62182617188 3107.27294921875 3110.232421875 3114.21264648438 3118.353515625 3122.1669921875
3063.31713867188 3060.08911132812 3057.35668945312 3055.00708007812 3052.66528320312 3050.20239257812 3047.55615234375 3044.90869140625 3042.16967773438 3039.54614257812 3037.54516601562 3036.36865234375 3035.33447265625 3034.41455078125 3033.75024414062 3033.20336914062 3032.57861328125 3032.77905273438 3034.61376953125 3037.04467773438 3040.37036132812 3044.61376953125 3048.45678710938 3052.22973632812 3056.00122070312 3059.44506835938 3062.74169921875 3067.06030273438 3071.51806640625 3074.775390625 3076.83911132812 3079.01977539062 3081.44921875 3083.76953125 3085.37524414062 3086.67138671875 3087.65234375 3088.39624023438 3089.31689453125 3091.1865234375 3093.49487304688 3095.41455078125 3097.79345703125 3101.13452148438 3104.8251953125 3107.31713867188 3110.05224609375 3113.994140625 3118.1396484375 3121.96801757812
3063.09204101562 3059.93505859375 3057.33447265625 3055.03173828125 3052.71850585938 3050.2822265625 3047.70263671875 3045.13549804688 3042.384765625 3039.78295898438 3037.77099609375 3036.55078125 3035.59619140625 3034.73876953125 3034.12280273438 3033.5966796875 3033.12060546875 3033.87353515625 3036.3154296875 3039.27270507812 3042.76684570312 3046.35107421875 3049.44506835938 3052.9326171875 3056.62573242188 3059.65283203125 3062.80297851562 3067.14184570312 3071.52465820312 3074.7802734375 3077.00268554688 3079.44409179688 3082.31689453125 3084.97143554688 3086.96411132812 3088.71923828125 3090.18041992188 3091.46337890625 3092.9306640625 3094.6455078125 3096.2294921875 3097.37060546875 3099.13696289062 3102.08154296875 3105.4150390625 3107.59228515625 3110.00732421875 3113.83349609375 3117.99365234375 3121.70922851562
3062.77172851562 3059.70922851562 3057.18408203125 3054.95629882812 3052.65893554688 3050.2255859375 3047.74755859375 3045.322265625 3042.6025390625 3040.00170898438 3037.9892578125 3036.75952148438 3035.86987304688 3035.08203125 3034.49755859375 3033.99780273438 3033.822265625 3035.2666015625 3038.18115234375 3041.58374023438 3045.36596679688 3048.85595703125 3051.62231445312 3054.64379882812 3057.75170898438 3060.16723632812 3062.96630859375 3067.29931640625 3071.50122070312 3074.51000976562 3076.830078125 3079.70629882812 3082.99340820312 3085.57763671875 3087.88696289062 3090.33325195312 3092.76611328125 3095.048828125 3096.8896484375 3098.22290039062 3098.9365234375 3099.5751953125 3100.89013671875 3103.42944335938 3106.48974609375 3108.431640625 3110.42749023438 3113.8505859375 3117.83862304688 3121.48706054688
3062.27783203125 3059.39306640625 3056.923828125 3054.75219726562 3052.5205078125 3050.18359375 3047.79663085938 3045.43676757812 3042.80249023438 3040.25756835938 3038.28491210938 3036.9716796875 3036.07983398438 3035.37451171875 3034.86840820312 3034.30688476562 3034.58447265625 3036.99536132812 3040.4267578125 3044.25048828125 3048.18041992188 3051.55224609375 3054.32470703125 3057.15234375 3059.69384765625 3061.86669921875 3064.44140625 3068.14916992188 3071.56396484375 3074.30639648438 3077.09912109375 3080.38842773438 3083.548828125 3086.07739257812 3088.54565429688 3091.48217773438 3094.75170898438 3097.66845703125 3099.77001953125 3100.94458007812 3101.38623046875 3101.82006835938 3102.71020507812 3104.90576171875 3108.04516601562 3109.75268554688 3111.08349609375 3114.09741210938 3117.9619140625 3121.43017578125
