MCO_data_requests/covino_4_2_2020/subwatershed_outputs/eslc_dem_utm_10m.asc
NCOLS 276 
NROWS 641 
XLLCORNER 424181.519902415 
YLLCORNER 4409297.22541033 
CELLSIZE 10 
NODATA_value -3.4e+38 
[rows 22 to 43 of 641, columns 50 to 99 of 276]
-3.4e+38 -3.4e+38 -3.4e+38 -3.4e+38 -3.4e+38 2941.162109375 2939.67724609375 2938.09619140625 2936.630859375 2934.96459960938 2932.98608398438 2931.08251953125 2929.42651367188 2927.61083984375 2925.79956054688 2924.2060546875 2922.80029296875 2921.189453125 2919.62036132812 2918.3310546875 2917.14575195312 2915.86669921875 2914.44189453125 2913.00073242188 2911.67993164062 2910.3291015625 2909.10815429688 2908.07861328125 2907.01831054688 2905.92407226562 2904.93139648438 2904.50268554688 2904.86962890625 2905.69091796875 2906.57885742188 2907.37060546875 2908.2587890625 2909.20141601562 2910.09448242188 2910.85961914062 2911.60888671875 2912.404296875 2913.15258789062 2914.06591796875 2915.11352539062 2916.22680664062 2917.40063476562 2918.70239257812 2920.04541015625 2921.40869140625
-3.4e+38 -3.4e+38 -3.4e+38 -3.4e+38 -3.4e+38 2941.21533203125 2939.57592773438 2938.01025390625 2936.59375 2935.01440429688 2933.20336914062 2931.38134765625 2929.76611328125 2927.97900390625 2926.21508789062 2924.6708984375 2923.34790039062 2921.79663085938 2920.19946289062 2918.92333984375 2917.76904296875 2916.43310546875 2914.9775390625 2913.57275390625 2912.25244140625 2910.93798828125 2909.78881835938 2908.7314453125 2907.59423828125 2906.51928710938 2905.76000976562 2905.69458007812 2906.11962890625 2906.79736328125 2907.62524414062 2908.380859375 2909.3583984375 2910.27319335938 2911.05224609375 2911.71240234375 2912.41479492188 2913.1708984375 2913.88720703125 2914.75903320312 2915.84741210938 2917.15063476562 2918.357421875 2919.611328125 2920.998046875 2922.40502929688
-3.4e+38 -3.4e+38 -3.4e+38 -3.4e+38 -3.4e+38 2941.43017578125 2939.84130859375 2938.19775390625 2936.7265625 2935.18603515625 2933.48461914062 2931.69580078125 2930.08178710938 2928.25830078125 2926.48754882812 2925.04150390625 2923.78515625 2922.2734375 2920.71142578125 2919.41333007812 2918.22534179688 2916.82153320312 2915.36987304688 2914.08715820312 2912.798828125 2911.51318359375 2910.3359375 2909.33032226562 2908.26220703125 2907.19165039062 2906.65307617188 2906.90405273438 2907.3759765625 2907.95532226562 2908.68896484375 2909.44580078125 2910.28662109375 2911.16259765625 2911.9833984375 2912.61962890625 2913.28442382812 2913.97607421875 2914.68041992188 2915.50854492188 2916.70532226562 2918.25512695312 2919.52319335938 2920.67529296875 2922.02685546875 2923.45141601562
-3.4e+38 -3.4e+38 -3.4e+38 -3.4e+38 2943.11791992188 2941.75146484375 2940.17700195312 2938.5654296875 2937.083984375 2935.51342773438 2933.74731445312 2931.91650390625 2930.30834960938 2928.46752929688 2926.7197265625 2925.35668945312 2924.14501953125 2922.71459960938 2921.21411132812 2919.88427734375 2918.634765625 2917.208984375 2915.7265625 2914.51489257812 2913.36059570312 2912.12719726562 2910.98901367188 2910.00537109375 2908.9521484375 2907.99560546875 2907.72534179688 2908.09692382812 2908.58715820312 2909.1494140625 2909.79833984375 2910.50830078125 2911.32543945312 2912.14135742188 2912.94506835938 2913.6220703125 2914.27905273438 2914.91650390625 2915.54077148438 2916.33544921875 2917.69311523438 2919.36791992188 2920.732421875 2921.9951171875 2923.3212890625 2924.669921875
-3.4e+38 -3.4e+38 -3.4e+38 -3.4e+38 2943.65649414062 2942.21142578125 2940.63110351562 2939.01171875 2937.4873046875 2935.8662109375 2934.06103515625 2932.25146484375 2930.56762695312 2928.65698242188 2926.94995117188 2925.63134765625 2924.40551757812 2923.06860351562 2921.63427734375 2920.33740234375 2919.07861328125 2917.62817382812 2916.24536132812 2915.16528320312 2914.09545898438 2912.88061523438 2911.7685546875 2910.75415039062 2909.70141601562 2908.93432617188 2908.8642578125 2909.31762695312 2909.853515625 2910.39428710938 2910.95434570312 2911.54809570312 2912.39306640625 2913.29052734375 2914.0302734375 2914.72827148438 2915.36303710938 2915.95166015625 2916.59765625 2917.52294921875 2918.95751953125 2920.56396484375 2921.9521484375 2923.34252929688 2924.74389648438 2926.033203125
-3.4e+38 -3.4e+38 -3.4e+38 -3.4e+38 2944.05908203125 2942.68212890625 2941.11572265625 2939.53759765625 2937.98559570312 2936.25146484375 2934.40869140625 2932.537109375 2930.81518554688 2928.92797851562 2927.20288085938 2925.87890625 2924.7197265625 2923.45629882812 2922.06420898438 2920.79614257812 2919.50634765625 2918.15551757812 2916.94506835938 2915.94555664062 2914.919921875 2913.724609375 2912.54638671875 2911.53686523438 2910.5322265625 2909.87158203125 2909.97705078125 2910.48510742188 2911.05395507812 2911.54760742188 2912.10717773438 2912.70068359375 2913.50708007812 2914.41162109375 2915.14038085938 2915.83422851562 2916.50390625 2917.126953125 2917.8818359375 2918.9482421875 2920.3232421875 2921.77587890625 2923.18823242188 2924.65747070312 2926.12915039062 2927.56787109375
-3.4e+38 -3.4e+38 -3.4e+38 2946.06689453125 2944.72021484375 2943.322265625 2941.73364257812 2940.09521484375 2938.53051757812 2936.73950195312 2934.78637695312 2932.87451171875 2931.11083984375 2929.19555664062 2927.40869140625 2926.12451171875 2925.00170898438 2923.73071289062 2922.45458984375 2921.283203125 2920.03442382812 2918.81494140625 2917.69189453125 2916.74536132812 2915.78564453125 2914.66088867188 2913.38745117188 2912.34106445312 2911.375 2910.83374023438 2911.1044921875 2911.63354492188 2912.19653320312 2912.71362304688 2913.26879882812 2913.85717773438 2914.64038085938 2915.49926757812 2916.20092773438 2916.88500976562 2917.62866210938 2918.36596679688 2919.185546875 2920.3076171875 2921.62036132812 2922.97998046875 2924.4111328125 2925.95922851562 2927.61328125 2929.36938476562
-3.4e+38 -3.4e+38 2948.29272460938 2946.89575195312 2945.56030273438 2944.0712890625 2942.39038085938 2940.689453125 2939.09033203125 2937.26928710938 2935.3046875 2933.3203125 2931.43798828125 2929.43994140625 2927.6494140625 2926.33911132812 2925.2421875 2924.0400390625 2922.8544921875 2921.76879882812 2920.6142578125 2919.47045898438 2918.41088867188 2917.51220703125 2916.5537109375 2915.42895507812 2914.21704101562 2913.15063476562 2912.2421875 2911.859375 2912.22045898438 2912.7734375 2913.36987304688 2913.91943359375 2914.46362304688 2914.9931640625 2915.71118164062 2916.55737304688 2917.23901367188 2917.92114257812 2918.7119140625 2919.564453125 2920.42919921875 2921.57006835938 2922.82836914062 2924.10083007812 2925.53295898438 2927.23657226562 2929.228515625 2931.28149414062
-3.4e+38 2950.43383789062 2949.15673828125 2947.78466796875 2946.42919921875 2944.82446289062 2943.07250976562 2941.33911132812 2939.68872070312 2937.81860351562 2935.81323242188 2933.79125976562 2931.80517578125 2929.69506835938 2927.85522460938 2926.57177734375 2925.521484375 2924.34814453125 2923.21337890625 2922.24877929688 2921.203125 2920.11181640625 2919.1201171875 2918.20849609375 2917.2197265625 2916.1201171875 2915.00903320312 2914.01147460938 2913.18530273438 2912.97094726562 2913.38940429688 2913.94604492188 2914.5859375 2915.1513671875 2915.64086914062 2916.12329101562 2916.78076171875 2917.58935546875 2918.26977539062 2918.97875976562 2919.80834960938 2920.72192382812 2921.66772460938 2922.78735351562 2923.95825195312 2925.17431640625 2926.67431640625 2928.62622070312 2930.90649414062 2933.18627929688
2953.59814453125 2951.56665039062 2950.11181640625 2948.73120117188 2947.36083984375 2945.74243164062 2943.8671875 2942.03442382812 2940.37353515625 2938.45556640625 2936.35473632812 2934.296875 2932.22729492188 2929.9873046875 2928.09155273438 2926.78759765625 2925.76513671875 2924.67138671875 2923.62719726562 2922.7392578125 2921.78076171875 2920.7666015625 2919.78784179688 2918.89770507812 2917.89770507812 2916.81787109375 2915.7431640625 2914.7998046875 2914.12109375 2914.14086914062 2914.64331054688 2915.17016601562 2915.76245117188 2916.28051757812 2916.70581054688 2917.2041015625 2917.87109375 2918.62231445312 2919.29956054688 2920.03955078125 2920.92919921875 2921.90087890625 2922.8984375 2924.021484375 2925.12817382812 2926.32836914062 2927.97973632812 2930.19946289062 2932.6845703125 2935.11743164062
2956.57568359375 2953.53637695312 2951.27172851562 2949.72216796875 2948.29833984375 2946.5498046875 2944.61889648438 2942.79052734375 2941.05981445312 2939.07543945312 2936.91162109375 2934.78247070312 2932.65185546875 2930.30688476562 2928.26928710938 2926.947265625 2925.99096679688 2924.98193359375 2923.97729492188 2923.1552734375 2922.31860351562 2921.40600585938 2920.44018554688 2919.533203125 2918.52587890625 2917.4697265625 2916.44067382812 2915.53051757812 2915.05810546875 2915.30737304688 2915.79296875 2916.26708984375 2916.791015625 2917.26416015625 2917.70458984375 2918.2373046875 2918.92211914062 2919.6513671875 2920.34033203125 2921.111328125 2922.04345703125 2923.03833007812 2924.05444335938 2925.24975585938 2926.41259765625 2927.63647460938 2929.42724609375 2931.89331054688 2934.52661132812 2937.0322265625
2960.1904296875 2956.3525390625 2952.99145507812 2950.75415039062 2949.27783203125 2947.4931640625 2945.462890625 2943.5224609375 2941.73876953125 2939.65454101562 2937.42309570312 2935.31323242188 2933.15869140625 2930.66430664062 2928.5009765625 2927.1376953125 2926.22583007812 2925.31103515625 2924.38159179688 2923.59545898438 2922.77026367188 2921.89526367188 2920.9443359375 2920.03784179688 2919.0576171875 2918.02099609375 2917.06079101562 2916.29370117188 2916.03002929688 2916.36791992188 2916.798828125 2917.22387695312 2917.7275390625 2918.22900390625 2918.705078125 2919.25561523438 2919.94213867188 2920.68310546875 2921.41040039062 2922.21313476562 2923.10815429688 2924.05615234375 2925.1240234375 2926.45166015625 2927.81494140625 2929.203125 2931.01684570312 2933.56982421875 2936.39282226562 2939.00756835938
2963.404296875 2959.60595703125 2955.30346679688 2952.16674804688 2950.2939453125 2948.48950195312 2946.37353515625 2944.25756835938 2942.32373046875 2940.10424804688 2937.8720703125 2935.83642578125 2933.67993164062 2931.12915039062 2928.96997070312 2927.623046875 2926.71044921875 2925.828125 2924.94213867188 2924.15844726562 2923.30419921875 2922.42578125 2921.47998046875 2920.56176757812 2919.57958984375 2918.5732421875 2917.63159179688 2916.9931640625 2916.92626953125 2917.29467773438 2917.69970703125 2918.11865234375 2918.65234375 2919.1689453125 2919.67749023438 2920.2607421875 2920.95825195312 2921.7314453125 2922.49487304688 2923.27026367188 2924.07495117188 2924.984375 2926.078125 2927.47290039062 2929.05419921875 2930.74877929688 2932.64453125 2935.23046875 2938.25903320312 2941.18383789062
2965.72875976562 2962.53564453125 2958.10131835938 2954.15625 2951.51586914062 2949.4892578125 2947.3544921875 2945.06030273438 2942.84106445312 2940.47436523438 2938.23071289062 2936.31982421875 2934.30297851562 2931.8955078125 2929.82153320312 2928.51879882812 2927.47412109375 2926.5234375 2925.6533203125 2924.83911132812 2923.97509765625 2923.09130859375 2922.14501953125 2921.18725585938 2920.13842773438 2919.14624023438 2918.26513671875 2917.70190429688 2917.72778320312 2918.10620117188 2918.49731445312 2918.94897460938 2919.4931640625 2920.04052734375 2920.6005859375 2921.2109375 2921.9404296875 2922.74438476562 2923.49536132812 2924.22338867188 2924.96484375 2925.82788085938 2926.83764648438 2928.10083007812 2929.96069335938 2932.18334960938 2934.29248046875 2936.89526367188 2940.06469726562 2943.42651367188
2967.50805664062 2964.91943359375 2961.10693359375 2956.75122070312 2953.34765625 2950.6728515625 2948.400390625 2945.94702148438 2943.43481445312 2940.81323242188 2938.5146484375 2936.78979492188 2934.98876953125 2932.8447265625 2930.8994140625 2929.58740234375 2928.38427734375 2927.29516601562 2926.40844726562 2925.60424804688 2924.71411132812 2923.77319335938 2922.779296875 2921.80126953125 2920.75268554688 2919.77954101562 2918.97216796875 2918.45825195312 2918.47875976562 2918.85400390625 2919.25952148438 2919.72705078125 2920.28930664062 2920.8681640625 2921.41625976562 2922.06640625 2922.83422851562 2923.63623046875 2924.3779296875 2925.11938476562 2925.87524414062 2926.7041015625 2927.55151367188 2928.80200195312 2931.11010742188 2933.72436523438 2935.90991210938 2938.46069335938 2941.82495117188 2945.57104492188
2969.23779296875 2966.85424804688 2963.67529296875 2959.64111328125 2955.697265625 2952.28198242188 2949.57397460938 2946.9853515625 2944.25146484375 2941.26220703125 2938.85791015625 2937.296875 2935.67065429688 2933.81127929688 2931.9912109375 2930.62646484375 2929.3896484375 2928.20532226562 2927.18041992188 2926.35668945312 2925.44677734375 2924.46264648438 2923.451171875 2922.49536132812 2921.46801757812 2920.51098632812 2919.740234375 2919.21899414062 2919.2275390625 2919.62451171875 2920.029296875 2920.47265625 2921.06567382812 2921.6572265625 2922.16088867188 2922.82250976562 2923.59326171875 2924.42944335938 2925.23486328125 2926.02758789062 2926.8330078125 2927.6533203125 2928.53002929688 2930.12866210938 2932.78149414062 2935.32348632812 2937.3623046875 2939.98583984375 2943.79443359375 2947.63354492188
2970.9580078125 2968.60961914062 2965.77807617188 2962.2666015625 2958.28881835938 2954.298828125 2950.99951171875 2948.28125 2945.3525390625 2941.99829101562 2939.40576171875 2937.83813476562 2936.31420898438 2934.70239257812 2933.05712890625 2931.6630859375 2930.43920898438 2929.22973632812 2928.08935546875 2927.14306640625 2926.2099609375 2925.2294921875 2924.24267578125 2923.3095703125 2922.25537109375 2921.28198242188 2920.56811523438 2920.03857421875 2920.0009765625 2920.3984375 2920.79516601562 2921.2275390625 2921.75610351562 2922.37963867188 2922.9169921875 2923.52124023438 2924.27954101562 2925.1669921875 2926.04150390625 2926.91284179688 2927.8232421875 2928.88891601562 2930.13354492188 2932.09057617188 2934.685546875 2936.96118164062 2938.93603515625 2941.79077148438 2945.89306640625 2949.66625976562
2972.66162109375 2970.35913085938 2967.56909179688 2964.439453125 2960.80932617188 2956.55151367188 2952.77172851562 2949.822265625 2946.71240234375 2943.09936523438 2940.16479492188 2938.41845703125 2936.9912109375 2935.53369140625 2934.06469726562 2932.71508789062 2931.46215820312 2930.24584960938 2929.1142578125 2928.07934570312 2927.06860351562 2926.08251953125 2925.0888671875 2924.12329101562 2923.06372070312 2922.08471679688 2921.390625 2920.84765625 2920.74389648438 2921.13525390625 2921.53295898438 2921.99731445312 2922.494140625 2922.99853515625 2923.55004882812 2924.22827148438 2925.00415039062 2925.86376953125 2926.72827148438 2927.71264648438 2928.97045898438 2930.57788085938 2932.18579101562 2934.24389648438 2936.60473632812 2938.7275390625 2940.95458984375 2944.27978515625 2948.21704101562 2951.76049804688
2974.47045898438 2972.14306640625 2969.36206054688 2966.36743164062 2963.0400390625 2958.83178710938 2954.79052734375 2951.61401367188 2948.3935546875 2944.59814453125 2941.19604492188 2939.15551757812 2937.75708007812 2936.35107421875 2934.96899414062 2933.708984375 2932.45825195312 2931.24047851562 2930.11865234375 2929.05541992188 2927.9638671875 2926.9541015625 2925.97021484375 2924.98461914062 2923.91918945312 2922.91918945312 2922.20336914062 2921.63793945312 2921.47583007812 2921.84399414062 2922.27124023438 2922.73803710938 2923.22387695312 2923.67163085938 2924.18237304688 2924.892578125 2925.697265625 2926.56103515625 2927.39038085938 2928.58984375 2930.427734375 2932.51782226562 2934.39184570312 2936.44506835938 2938.71362304688 2940.97534179688 2943.51953125 2947.22729492188 2950.83959960938 2954.06494140625
2976.54223632812 2974.10083007812 2971.23168945312 2968.2119140625 2965.02294921875 2961.00952148438 2956.92602539062 2953.60986328125 2950.2998046875 2946.45654296875 2942.77001953125 2940.3125 2938.6083984375 2937.20556640625 2935.8671875 2934.66772460938 2933.44677734375 2932.23681640625 2931.1064453125 2930.02026367188 2928.8974609375 2927.83374023438 2926.85034179688 2925.88891601562 2924.81762695312 2923.78833007812 2923.05541992188 2922.45629882812 2922.21435546875 2922.53295898438 2922.97509765625 2923.45239257812 2923.93969726562 2924.43432617188 2924.916015625 2925.56591796875 2926.36450195312 2927.19555664062 2928.11083984375 2929.82958984375 2932.28540039062 2934.74584960938 2936.8740234375 2938.88720703125 2941.20825195312 2943.77465820312 2946.49975585938 2950.19897460938 2953.64697265625 2956.638671875
2978.77197265625 2976.24365234375 2973.20092773438 2970.11767578125 2966.9462890625 2963.0888671875 2959.1025390625 2955.69970703125 2952.32153320312 2948.537109375 2944.78955078125 2941.88330078125 2939.63818359375 2938.11645507812 2936.82788085938 2935.63354492188 2934.41748046875 2933.23046875 2932.13037109375 2931.05810546875 2929.88525390625 2928.765625 2927.75634765625 2926.79907226562 2925.69848632812 2924.640625 2923.90551757812 2923.3056640625 2923.00512695312 2923.23022460938 2923.6455078125 2924.12475585938 2924.68872070312 2925.24340820312 2925.71997070312 2926.32934570312 2927.04638671875 2927.85620117188 2929.15014648438 2931.615234375 2934.63549804688 2937.48559570312 2939.75854492188 2941.74731445312 2944.21313476562 2946.96459960938 2949.6669921875 2953.03466796875 2956.29418945312 2959.20971679688
2980.94775390625 2978.28540039062 2975.16821289062 2972.07250976562 2968.85083007812 2965.0732421875 2961.19848632812 2957.787109375 2954.369140625 2950.67260742188 2946.92309570312 2943.72290039062 2940.98168945312 2939.08374023438 2937.79638671875 2936.63403320312 2935.412109375 2934.22290039062 2933.15087890625 2932.09130859375 2930.86010742188 2929.703125 2928.7060546875 2927.7158203125 2926.55908203125 2925.45434570312 2924.69018554688 2924.0927734375 2923.78564453125 2923.96533203125 2924.35302734375 2924.87182617188 2925.49609375 2926.0712890625 2926.576171875 2927.19409179688 2927.9189453125 2928.94409179688 2930.77880859375 2933.90673828125 2937.3369140625 2940.19360351562 2942.4365234375 2944.67211914062 2947.44018554688 2950.12719726562 2952.66284179688 2955.63232421875 2958.7177734375 2961.599609375
