MCO_data_requests/covino_4_2_2020/subwatershed_outputs/eslc_dem_utm_10m.asc
NCOLS 276 
NROWS 641 
XLLCORNER 424181.519902415 
YLLCORNER 4409297.22541033 
CELLSIZE 10 
NODATA_value -3.4e+38 
[rows 176 to 197 of 641, columns 100 to 149 of 276]
3269.486328125 3271.48217773438 3273.3203125 3274.67163085938 3275.54296875 3276.171875 3276.42529296875 3276.36401367188 3276.20068359375 3275.91845703125 3275.6201171875 3275.53564453125 3275.85473632812 3276.74365234375 3278.03295898438 3279.19165039062 3280.20288085938 3281.28369140625 3282.36767578125 3283.08129882812 3283.4365234375 3283.74145507812 3284.02978515625 3284.2939453125 3284.76293945312 3285.9287109375 3287.69116210938 3289.5703125 3291.93676757812 3294.35522460938 3296.48803710938 3298.29833984375 3300.20043945312 3302.16821289062 3303.97924804688 3305.7197265625 3307.62524414062 3309.3212890625 3310.556640625 3311.62622070312 3312.8076171875 3313.8251953125 3314.62524414062 3315.35791015625 3316.10961914062 3316.87841796875 -3.4e+38 -3.4e+38 -3.4e+38 -3.4e+38
3273.46362304688 3275.39013671875 3277.04663085938 3278.3740234375 3279.38427734375 3280.07006835938 3280.13647460938 3279.8740234375 3279.63598632812 3279.369140625 3279.14892578125 3279.16870117188 3279.59887695312 3280.4599609375 3281.56079101562 3282.55395507812 3283.517578125 3284.63110351562 3285.671875 3286.4345703125 3287.09594726562 3287.755859375 3288.35131835938 3288.82568359375 3289.49438476562 3290.4638671875 3291.49755859375 3292.77197265625 3294.8203125 3296.9921875 3298.93798828125 3300.64721679688 3302.53100585938 3304.5078125 3306.31103515625 3308.01342773438 3309.84741210938 3311.552734375 3312.90795898438 3314.05859375 3315.31103515625 3316.43237304688 3317.17651367188 3317.953125 3318.82080078125 3319.64526367188 -3.4e+38 -3.4e+38 -3.4e+38 -3.4e+38
3277.91821289062 3279.48974609375 3280.85424804688 3282.0556640625 3283.00390625 3283.6328125 3283.70703125 3283.5146484375 3283.27465820312 3282.95581054688 3282.63745117188 3282.54638671875 3282.97338867188 3283.8828125 3284.97314453125 3285.91943359375 3286.87426757812 3287.99951171875 3289.03076171875 3289.89916992188 3290.81298828125 3291.82080078125 3292.6884765625 3293.25244140625 3293.8291015625 3294.44970703125 3295.07202148438 3295.97924804688 3297.60717773438 3299.53271484375 3301.30200195312 3302.94921875 3304.85791015625 3306.81713867188 3308.62060546875 3310.28344726562 3312.0673828125 3313.771484375 3315.25732421875 3316.43408203125 3317.57250976562 3318.98583984375 3319.86840820312 3320.70849609375 3321.63818359375 3322.5078125 -3.4e+38 -3.4e+38 -3.4e+38 -3.4e+38
3282.07495117188 3283.314453125 3284.4873046875 3285.60229492188 3286.42602539062 3286.99291992188 3287.27856445312 3287.34838867188 3287.21899414062 3286.90454101562 3286.56030273438 3286.42919921875 3286.66821289062 3287.36572265625 3288.35815429688 3289.30395507812 3290.26513671875 3291.3916015625 3292.47924804688 3293.46411132812 3294.46166992188 3295.50732421875 3296.38647460938 3296.94067382812 3297.39672851562 3297.87817382812 3298.50659179688 3299.31469726562 3300.53271484375 3302.09106445312 3303.64624023438 3305.24267578125 3307.20043945312 3309.16162109375 3310.88256835938 3312.48950195312 3314.25659179688 3315.98217773438 3317.52758789062 3318.90209960938 3320.134765625 3321.3876953125 3322.46435546875 3323.52075195312 3324.54443359375 3325.44653320312 3326.1279296875 -3.4e+38 -3.4e+38 -3.4e+38
3285.50341796875 3286.85864257812 3288.03466796875 3289.08935546875 3289.88500976562 3290.48095703125 3290.89477539062 3291.212890625 3291.30078125 3291.02856445312 3290.67431640625 3290.44555664062 3290.38012695312 3290.80639648438 3291.73852539062 3292.70166015625 3293.69799804688 3294.8564453125 3295.99096679688 3297.01782226562 3298.03540039062 3298.97998046875 3299.74243164062 3300.26440429688 3300.70678710938 3301.18701171875 3301.68017578125 3302.23510742188 3303.1953125 3304.59619140625 3306.08666992188 3307.6396484375 3309.55200195312 3311.48583984375 3313.16088867188 3314.71728515625 3316.4638671875 3318.24438476562 3319.79174804688 3321.2880859375 3322.77197265625 3324.111328125 3325.24267578125 3326.3525390625 3327.51123046875 3328.4931640625 3329.11181640625 -3.4e+38 -3.4e+38 -3.4e+38
3288.98901367188 3290.412109375 3291.5224609375 3292.45581054688 3293.21215820312 3293.8212890625 3294.26440429688 3294.62817382812 3294.81469726562 3294.6328125 3294.29956054688 3293.9453125 3293.68090820312 3294.06420898438 3295.09106445312 3296.11767578125 3297.21044921875 3298.427734375 3299.61181640625 3300.66625976562 3301.69799804688 3302.61450195312 3303.24072265625 3303.62573242188 3303.97485351562 3304.3486328125 3304.64501953125 3304.88305664062 3305.62182617188 3307.08325195312 3308.57788085938 3310.10571289062 3311.91821289062 3313.77978515625 3315.4462890625 3317.02465820312 3318.81518554688 3320.60595703125 3322.1787109375 3323.7412109375 3325.3759765625 3326.93798828125 3328.13549804688 3329.23022460938 3330.169921875 3330.97192382812 3331.51953125 3331.99951171875 -3.4e+38 -3.4e+38
3292.37377929688 3293.7099609375 3294.74755859375 3295.6240234375 3296.2958984375 3296.85229492188 3297.24682617188 3297.46875 3297.57666015625 3297.52075195312 3297.318359375 3297.06372070312 3296.93969726562 3297.4140625 3298.451171875 3299.54956054688 3300.78564453125 3302.09887695312 3303.3056640625 3304.310546875 3305.25366210938 3306.03735351562 3306.44580078125 3306.69677734375 3306.966796875 3307.20385742188 3307.43017578125 3307.68334960938 3308.33959960938 3309.64331054688 3311.11889648438 3312.5732421875 3314.31225585938 3316.13549804688 3317.73266601562 3319.35888671875 3321.21606445312 3323.02026367188 3324.61962890625 3326.19384765625 3327.92431640625 3329.5361328125 3330.58642578125 3331.46752929688 3332.28637695312 3333.005859375 3333.57861328125 3334.09008789062 -3.4e+38 -3.4e+38
3295.20092773438 3296.59057617188 3297.72412109375 3298.6162109375 3299.24560546875 3299.75463867188 3300.140625 3300.33471679688 3300.357421875 3300.26953125 3300.14770507812 3300.05786132812 3300.17456054688 3300.75756835938 3301.78833007812 3302.94702148438 3304.28857421875 3305.59692382812 3306.57543945312 3307.38818359375 3308.15869140625 3308.79052734375 3309.19067382812 3309.42114257812 3309.63452148438 3309.85888671875 3310.14477539062 3310.53540039062 3311.28295898438 3312.40991210938 3313.63818359375 3315.00317382812 3316.70239257812 3318.4580078125 3320.05444335938 3321.71533203125 3323.59033203125 3325.50146484375 3327.1181640625 3328.7041015625 3330.26000976562 3331.5654296875 3332.54125976562 3333.41357421875 3334.2158203125 3334.91870117188 3335.53295898438 3336.10815429688 3336.66552734375 -3.4e+38
3297.77099609375 3299.44189453125 3300.83325195312 3301.7421875 3302.25024414062 3302.66870117188 3303.05737304688 3303.25268554688 3303.16748046875 3302.98046875 3302.85717773438 3302.73828125 3302.89331054688 3303.63330078125 3304.79125976562 3305.99169921875 3307.24731445312 3308.42822265625 3309.337890625 3310.05590820312 3310.71435546875 3311.27001953125 3311.71264648438 3311.98706054688 3312.22778320312 3312.49780273438 3312.87231445312 3313.248046875 3313.8447265625 3314.75366210938 3315.85864257812 3317.25146484375 3318.94970703125 3320.70678710938 3322.36547851562 3324.08056640625 3326.0048828125 3327.98852539062 3329.55981445312 3330.90087890625 3332.2421875 3333.39208984375 3334.3544921875 3335.27197265625 3336.12866210938 3336.82836914062 3337.455078125 3338.04760742188 3338.61181640625 -3.4e+38
3300.40673828125 3302.35229492188 3303.94213867188 3304.83227539062 3305.201171875 3305.5400390625 3305.89135742188 3306.05249023438 3305.92358398438 3305.71264648438 3305.51025390625 3305.216796875 3305.2490234375 3306.16235351562 3307.43896484375 3308.650390625 3309.84643554688 3310.97802734375 3311.94775390625 3312.63793945312 3313.22485351562 3313.73315429688 3314.12280273438 3314.4013671875 3314.69604492188 3315.00122070312 3315.34765625 3315.69580078125 3316.0478515625 3316.73583984375 3317.94458007812 3319.36840820312 3321.1015625 3322.892578125 3324.52172851562 3326.25610351562 3328.20532226562 3330.08642578125 3331.48168945312 3332.75244140625 3334.02563476562 3335.16528320312 3336.107421875 3337.08666992188 3337.96704101562 3338.63330078125 3339.20654296875 3339.8544921875 3340.51806640625 3341.1103515625
3302.9091796875 3304.9443359375 3306.54125976562 3307.4931640625 3307.95239257812 3308.275390625 3308.59497070312 3308.70947265625 3308.62963867188 3308.4326171875 3308.19775390625 3307.95043945312 3308.01147460938 3308.83154296875 3310.07543945312 3311.2880859375 3312.5029296875 3313.61254882812 3314.52978515625 3315.24609375 3315.85400390625 3316.27954101562 3316.59252929688 3316.86328125 3317.17309570312 3317.4892578125 3317.787109375 3318.07666015625 3318.39916992188 3318.99926757812 3320.06005859375 3321.49243164062 3323.27612304688 3324.98803710938 3326.55224609375 3328.3115234375 3330.17993164062 3331.86157226562 3333.19897460938 3334.509765625 3335.79907226562 3336.91381835938 3337.89233398438 3338.89453125 3339.7734375 3340.44970703125 3341.0732421875 3341.78833007812 3342.5732421875 3343.32763671875
3305.17724609375 3307.18115234375 3308.8173828125 3309.88305664062 3310.58374023438 3311.06079101562 3311.35327148438 3311.38037109375 3311.306640625 3311.18701171875 3311.00244140625 3310.95361328125 3311.19091796875 3311.86083984375 3312.89404296875 3314.06176757812 3315.29638671875 3316.38110351562 3317.20166015625 3317.861328125 3318.39697265625 3318.72875976562 3319.04711914062 3319.36865234375 3319.68041992188 3319.994140625 3320.27221679688 3320.56176757812 3320.97509765625 3321.63134765625 3322.56958007812 3323.76586914062 3325.30810546875 3326.96508789062 3328.5361328125 3330.2421875 3331.99951171875 3333.56713867188 3334.9013671875 3336.20336914062 3337.47802734375 3338.62622070312 3339.64111328125 3340.75048828125 3341.72607421875 3342.42944335938 3343.13891601562 3343.98217773438 3344.9013671875 3345.73706054688
3307.3642578125 3309.22900390625 3310.97802734375 3312.39428710938 3313.51733398438 3314.19091796875 3314.27197265625 3314.18041992188 3314.00268554688 3313.80639648438 3313.69384765625 3313.69067382812 3313.93481445312 3314.60131835938 3315.59057617188 3316.75170898438 3317.94873046875 3318.88256835938 3319.5830078125 3320.16333007812 3320.6943359375 3321.0859375 3321.42333984375 3321.73461914062 3322.0947265625 3322.44311523438 3322.79370117188 3323.17138671875 3323.6796875 3324.30346679688 3325.046875 3325.9794921875 3327.2685546875 3328.80004882812 3330.37963867188 3332.05419921875 3333.72827148438 3335.26635742188 3336.60766601562 3337.91186523438 3339.14990234375 3340.28051757812 3341.3642578125 3342.62060546875 3343.78881835938 3344.61108398438 3345.3896484375 3346.30810546875 3347.341796875 3348.24438476562
3309.69799804688 3311.4453125 3313.12890625 3314.81689453125 3316.36987304688 3317.26416015625 3317.171875 3316.9189453125 3316.64501953125 3316.35327148438 3316.14892578125 3316.00952148438 3316.140625 3316.83129882812 3317.97265625 3319.05712890625 3320.12084960938 3321.05053710938 3321.71875 3322.27978515625 3322.849609375 3323.34716796875 3323.79858398438 3324.19799804688 3324.57739257812 3324.93090820312 3325.30590820312 3325.6826171875 3326.16796875 3326.72436523438 3327.26831054688 3328.01293945312 3329.14379882812 3330.61352539062 3332.22045898438 3333.85815429688 3335.51513671875 3336.98999023438 3338.24365234375 3339.54565429688 3340.7998046875 3342.01123046875 3343.236328125 3344.56713867188 3345.80737304688 3346.7763671875 3347.67041015625 3348.69873046875 3349.78833007812 3350.77905273438
3312.24560546875 3313.63891601562 3315.12084960938 3316.8603515625 3318.5185546875 3319.5859375 3319.708984375 3319.50903320312 3319.25317382812 3318.94921875 3318.65576171875 3318.40942382812 3318.51879882812 3319.14135742188 3320.138671875 3321.16333007812 3322.16918945312 3323.1005859375 3323.82177734375 3324.3798828125 3324.986328125 3325.56201171875 3326.06689453125 3326.56176757812 3327.0263671875 3327.43798828125 3327.81005859375 3328.18798828125 3328.60083007812 3329.00024414062 3329.40893554688 3330.11865234375 3331.35180664062 3332.77758789062 3334.2666015625 3335.841796875 3337.37841796875 3338.77368164062 3339.99072265625 3341.31958007812 3342.68505859375 3343.98950195312 3345.2255859375 3346.59448242188 3347.88647460938 3348.91748046875 3349.91943359375 3351.064453125 3352.20654296875 3353.25415039062
3314.7998046875 3315.87084960938 3317.18041992188 3318.77465820312 3320.34765625 3321.51708984375 3321.955078125 3321.97827148438 3321.77563476562 3321.47631835938 3321.2763671875 3321.13916015625 3321.25830078125 3321.73413085938 3322.53735351562 3323.39233398438 3324.3154296875 3325.16064453125 3325.83715820312 3326.42309570312 3327.09252929688 3327.7109375 3328.28588867188 3328.90405273438 3329.50439453125 3329.9306640625 3330.32836914062 3330.7578125 3331.17944335938 3331.607421875 3332.0625 3332.7470703125 3333.88500976562 3335.2744140625 3336.57763671875 3337.92944335938 3339.30541992188 3340.60498046875 3341.88037109375 3343.30322265625 3344.76220703125 3346.111328125 3347.36889648438 3348.75561523438 3350.072265625 3351.126953125 3352.20483398438 3353.38916015625 3354.5751953125 3355.65161132812
3317.64331054688 3318.7451171875 3320.07861328125 3321.45581054688 3322.8232421875 3323.85766601562 3324.2734375 3324.35546875 3324.34545898438 3324.216796875 3324.11181640625 3324.12036132812 3324.2333984375 3324.56274414062 3325.12915039062 3325.72875976562 3326.48876953125 3327.24951171875 3327.8974609375 3328.47973632812 3329.18603515625 3329.9228515625 3330.67114257812 3331.4228515625 3332.12646484375 3332.6845703125 3333.10620117188 3333.53466796875 3334.00634765625 3334.51416015625 3335.08764648438 3335.78833007812 3336.74755859375 3337.78247070312 3338.83081054688 3339.99780273438 3341.25854492188 3342.58520507812 3343.95434570312 3345.46655273438 3346.95190429688 3348.29907226562 3349.57739257812 3350.97290039062 3352.31713867188 3353.3974609375 3354.4912109375 3355.72729492188 3356.9638671875 3358.04907226562
3320.78955078125 3322.32153320312 3323.77758789062 3324.92822265625 3325.80224609375 3326.47387695312 3326.7490234375 3326.83227539062 3326.87329101562 3326.81811523438 3326.78295898438 3326.79833984375 3326.87060546875 3327.11474609375 3327.51171875 3328.00708007812 3328.66381835938 3329.41967773438 3330.16284179688 3330.89453125 3331.75268554688 3332.61303710938 3333.42724609375 3334.16186523438 3334.91357421875 3335.56762695312 3336.025390625 3336.49145507812 3337.03930664062 3337.61108398438 3338.14501953125 3338.78125 3339.47436523438 3340.19677734375 3341.11010742188 3342.2587890625 3343.53369140625 3344.85693359375 3346.21435546875 3347.7490234375 3349.21337890625 3350.51000976562 3351.80712890625 3353.25341796875 3354.66162109375 3355.85302734375 3356.97680664062 3358.20727539062 3359.43237304688 3360.4755859375
3324.27124023438 3326.27075195312 3327.80493164062 3328.47778320312 3328.93237304688 3329.23876953125 3329.37109375 3329.40112304688 3329.42724609375 3329.39013671875 3329.38403320312 3329.34130859375 3329.2822265625 3329.36791992188 3329.80346679688 3330.3818359375 3331.18603515625 3332.0908203125 3332.91040039062 3333.68725585938 3334.62744140625 3335.54418945312 3336.34155273438 3337.13671875 3337.95092773438 3338.62524414062 3339.08984375 3339.6044921875 3340.1728515625 3340.6728515625 3341.12915039062 3341.62817382812 3342.17578125 3342.791015625 3343.66625976562 3344.84497070312 3346.099609375 3347.36767578125 3348.61743164062 3350.046875 3351.47973632812 3352.78125 3354.11547851562 3355.673828125 3357.23828125 3358.630859375 3359.90307617188 3361.02856445312 3361.91528320312 3362.76489257812
3327.62377929688 3329.34741210938 3330.31298828125 3330.65185546875 3330.888671875 3331.17993164062 3331.39306640625 3331.43090820312 3331.43725585938 3331.56713867188 3331.65771484375 3331.77294921875 3331.98828125 3332.18408203125 3332.59545898438 3333.29272460938 3334.16723632812 3335.11865234375 3335.98120117188 3336.78100585938 3337.69604492188 3338.62573242188 3339.41015625 3340.236328125 3341.0693359375 3341.74169921875 3342.20922851562 3342.71557617188 3343.26123046875 3343.7626953125 3344.24682617188 3344.78125 3345.3125 3345.91088867188 3346.72631835938 3347.80322265625 3348.88818359375 3349.90795898438 3350.9853515625 3352.34912109375 3353.80786132812 3355.1748046875 3356.58911132812 3358.25708007812 3360.01611328125 3361.73876953125 3363.26245117188 3364.05517578125 3364.28295898438 3364.89135742188
3329.29931640625 3330.79833984375 3331.5654296875 3331.9697265625 3332.22338867188 3332.55493164062 3332.90771484375 3333.03930664062 3333.0546875 3333.34106445312 3333.69555664062 3334.2080078125 3334.92431640625 3335.39672851562 3335.85864257812 3336.54565429688 3337.39819335938 3338.30810546875 3339.1787109375 3339.99267578125 3340.86889648438 3341.71875 3342.43603515625 3343.201171875 3343.98291015625 3344.67504882812 3345.20922851562 3345.77563476562 3346.40673828125 3347.06372070312 3347.65600585938 3348.26733398438 3348.86157226562 3349.45141601562 3350.0849609375 3350.84252929688 3351.650390625 3352.44897460938 3353.36083984375 3354.74047851562 3356.326171875 3357.72216796875 3359.19702148438 3360.94287109375 3362.80615234375 3364.69506835938 3366.2880859375 3366.75830078125 3366.55200195312 3366.94970703125
3329.93920898438 3331.3681640625 3332.29565429688 3332.87622070312 3333.26416015625 3333.68334960938 3334.13305664062 3334.36596679688 3334.56982421875 3335.26416015625 3336.14233398438 3337.00952148438 3337.86987304688 3338.494140625 3339.11987304688 3339.8056640625 3340.65112304688 3341.49169921875 3342.21459960938 3342.9140625 3343.72973632812 3344.57299804688 3345.279296875 3346.00439453125 3346.79931640625 3347.52294921875 3348.171875 3348.87939453125 3349.65234375 3350.50146484375 3351.2802734375 3351.98559570312 3352.498046875 3352.96557617188 3353.37890625 3353.82202148438 3354.41162109375 3355.1630859375 3356.06323242188 3357.38842773438 3358.97094726562 3360.38720703125 3361.8466796875 3363.54907226562 3365.35131835938 3367.0087890625 3368.34887695312 3368.8583984375 3368.81616210938 3369.10327148438
