MCO_data_requests/covino_4_2_2020/subwatershed_outputs/eslc_dem_utm_10m.asc
NCOLS 276 
NROWS 641 
XLLCORNER 424181.519902415 
YLLCORNER 4409297.22541033 
CELLSIZE 10 
NODATA_value -3.4e+38 
[rows 308 to 329 of 641, columns 0 to 49 of 276]
-3.4e+38 -3.4e+38 3414.22631835938 3414.33178710938 3413.4580078125 3411.78369140625 3409.98388671875 3407.95947265625 3405.42114257812 3402.57250976562 3399.8603515625 3397.04150390625 3393.6787109375 3390.19995117188 3387.0625 3383.69311523438 3379.3974609375 3374.06909179688 3368.81811523438 3363.98901367188 3359.5693359375 3356.05249023438 3353.89331054688 3352.04418945312 3350.24243164062 3348.71337890625 3347.38110351562 3345.97607421875 3344.53979492188 3343.11865234375 3341.55737304688 3339.58056640625 3337.50512695312 3335.583984375 3333.4970703125 3331.23364257812 3329.32006835938 3328.03100585938 3326.73071289062 3324.92309570312 3322.63500976562 3320.57495117188 3318.80395507812 3317.24340820312 3315.64697265625 3313.79077148438 3311.51586914062 3309.35668945312 3307.73095703125 3306.185546875
-3.4e+38 -3.4e+38 3416.04809570312 3416.07934570312 3415.10180664062 3413.41333007812 3411.52612304688 3409.38330078125 3406.66162109375 3403.73828125 3400.9912109375 3398.00561523438 3394.49975585938 3390.990234375 3387.78247070312 3384.24267578125 3379.85913085938 3374.65991210938 3369.42724609375 3364.79833984375 3360.99829101562 3357.82373046875 3355.60595703125 3353.65087890625 3351.89282226562 3350.40454101562 3349.07104492188 3347.5859375 3346.060546875 3344.60986328125 3343.015625 3341.08276367188 3339.03076171875 3337.13061523438 3335.0419921875 3332.78881835938 3330.91821289062 3329.72705078125 3328.666015625 3327.28295898438 3325.44213867188 3323.50366210938 3321.50439453125 3319.6611328125 3318.04077148438 3316.44287109375 3314.494140625 3312.33276367188 3310.60766601562 3308.9365234375
-3.4e+38 -3.4e+38 3417.56469726562 3417.50708007812 3416.48657226562 3415.06372070312 3413.14086914062 3410.8642578125 3408.00146484375 3404.96899414062 3402.10498046875 3399.001953125 3395.39013671875 3391.79736328125 3388.48315429688 3384.74658203125 3380.32568359375 3375.19384765625 3369.93432617188 3365.42919921875 3362.21923828125 3359.52172851562 3357.40649414062 3355.39965820312 3353.53173828125 3352.0048828125 3350.63720703125 3349.09936523438 3347.51489257812 3346.03857421875 3344.474609375 3342.5986328125 3340.61010742188 3338.79663085938 3336.8818359375 3334.87280273438 3333.16088867188 3331.99462890625 3330.98486328125 3329.84594726562 3328.396484375 3326.68188476562 3324.61450195312 3322.60522460938 3320.86108398438 3319.18627929688 3317.27075195312 3315.24584960938 3313.40258789062 3311.58251953125
-3.4e+38 -3.4e+38 -3.4e+38 3418.16845703125 3417.55029296875 3416.42114257812 3414.73193359375 3412.39721679688 3409.36499023438 3406.12255859375 3403.185546875 3400.00219726562 3396.31640625 3392.5654296875 3389.13623046875 3385.25244140625 3380.77587890625 3375.72338867188 3370.45971679688 3366.00927734375 3363.2548828125 3361.08569335938 3359.15161132812 3357.18896484375 3355.24267578125 3353.59008789062 3352.12719726562 3350.55102539062 3348.98388671875 3347.5380859375 3345.982421875 3344.1240234375 3342.1845703125 3340.46459960938 3338.8046875 3337.20751953125 3335.80883789062 3334.66455078125 3333.55859375 3332.49487304688 3331.18774414062 3329.6728515625 3327.78637695312 3325.76196289062 3323.89575195312 3322.0537109375 3320.00952148438 3317.88159179688 3315.94458007812 3314.109375
-3.4e+38 -3.4e+38 -3.4e+38 3418.94458007812 3418.76220703125 3417.82421875 3416.28271484375 3413.98950195312 3410.83544921875 3407.43920898438 3404.3193359375 3400.97875976562 3397.22827148438 3393.37329101562 3389.78076171875 3385.7578125 3381.24462890625 3376.42724609375 3371.48486328125 3367.08056640625 3364.44140625 3362.65893554688 3360.951171875 3359.0419921875 3357.08642578125 3355.29638671875 3353.671875 3352.068359375 3350.55786132812 3349.16259765625 3347.599609375 3345.75708007812 3343.85620117188 3342.2373046875 3340.76977539062 3339.49609375 3338.4111328125 3337.37060546875 3336.23681640625 3335.09448242188 3333.83520507812 3332.48364257812 3330.82202148438 3328.90869140625 3326.98779296875 3325.0048828125 3322.75463867188 3320.46655273438 3318.408203125 3316.46459960938
-3.4e+38 -3.4e+38 -3.4e+38 3419.9013671875 3420.29370117188 3419.6201171875 3417.9794921875 3415.6953125 3412.52880859375 3408.9912109375 3405.59765625 3402.04711914062 3398.2177734375 3394.22509765625 3390.48193359375 3386.3837890625 3381.88989257812 3377.43896484375 3373.11157226562 3368.90258789062 3366.22119140625 3364.58056640625 3362.97412109375 3361.09204101562 3359.11279296875 3357.24926757812 3355.45068359375 3353.77124023438 3352.29614257812 3350.88208007812 3349.34545898438 3347.62060546875 3345.8544921875 3344.36743164062 3342.98999023438 3341.83618164062 3340.93188476562 3340.05419921875 3339.00073242188 3337.79736328125 3336.5791015625 3335.28588867188 3333.69873046875 3331.89599609375 3330.01220703125 3327.95825195312 3325.57397460938 3323.20874023438 3321.0234375 3318.83935546875
-3.4e+38 -3.4e+38 -3.4e+38 -3.4e+38 3422.33325195312 3422.755859375 3420.85595703125 3417.93676757812 3414.44946289062 3410.78881835938 3407.21264648438 3403.42309570312 3399.41552734375 3395.22241210938 3391.31030273438 3387.25854492188 3382.8837890625 3378.82202148438 3375.31884765625 3371.66845703125 3368.85424804688 3366.99340820312 3365.27270507812 3363.39086914062 3361.39819335938 3359.52685546875 3357.67114257812 3355.82397460938 3354.1630859375 3352.634765625 3351.13793945312 3349.7265625 3348.32348632812 3346.97631835938 3345.65405273438 3344.56103515625 3343.70751953125 3342.87475585938 3341.88452148438 3340.68994140625 3339.4814453125 3338.21948242188 3336.650390625 3334.8310546875 3332.98193359375 3330.9384765625 3328.51904296875 3326.1123046875 3323.86450195312 3321.50439453125
-3.4e+38 -3.4e+38 -3.4e+38 -3.4e+38 3424.1630859375 3425.80639648438 3424.56591796875 3421.03686523438 3416.69677734375 3412.75952148438 3409.09033203125 3405.13818359375 3400.90112304688 3396.51318359375 3392.412109375 3388.40576171875 3384.4443359375 3380.87280273438 3377.99340820312 3374.94677734375 3372.0830078125 3369.88891601562 3367.935546875 3365.9443359375 3363.93969726562 3362.06982421875 3360.17822265625 3358.14208984375 3356.1884765625 3354.49389648438 3353.00244140625 3351.93774414062 3350.98852539062 3349.90942382812 3348.68359375 3347.6181640625 3346.814453125 3346.05151367188 3345.15600585938 3343.97021484375 3342.6904296875 3341.36450195312 3339.7763671875 3337.9404296875 3336.10302734375 3334.06958007812 3331.64990234375 3329.18579101562 3326.92846679688 3324.49389648438
-3.4e+38 -3.4e+38 -3.4e+38 -3.4e+38 -3.4e+38 3427.31860351562 3427.35791015625 3423.87670898438 3418.78662109375 3414.63793945312 3411.05126953125 3407.00170898438 3402.62890625 3398.15234375 3393.85473632812 3389.77685546875 3386.3759765625 3383.39990234375 3380.814453125 3378.15966796875 3375.44750976562 3373.11767578125 3370.96142578125 3368.72485351562 3366.5888671875 3364.677734375 3362.70678710938 3360.548828125 3358.50512695312 3356.72509765625 3355.26708984375 3354.41333007812 3353.75634765625 3352.99365234375 3351.8076171875 3350.62084960938 3350.01586914062 3349.69140625 3349.14331054688 3348.02294921875 3346.62329101562 3345.12377929688 3343.28637695312 3341.29516601562 3339.45385742188 3337.44799804688 3335.02075195312 3332.45581054688 3330.15551757812 3327.6865234375
-3.4e+38 -3.4e+38 -3.4e+38 -3.4e+38 -3.4e+38 3427.27954101562 3427.99877929688 3425.27368164062 3420.60107421875 3416.42626953125 3413.02563476562 3408.9306640625 3404.501953125 3400.11059570312 3395.8330078125 3391.65600585938 3388.447265625 3385.88671875 3383.5400390625 3381.15405273438 3378.63745117188 3376.32568359375 3374.07543945312 3371.65063476562 3369.29858398438 3367.25805664062 3365.17114257812 3363.04370117188 3361.20483398438 3359.65966796875 3358.40502929688 3357.58203125 3356.89697265625 3356.08666992188 3354.8251953125 3353.54443359375 3353.16333007812 3353.47631835938 3353.47973632812 3352.60302734375 3351.17944335938 3349.59716796875 3347.47314453125 3345.14624023438 3343.12255859375 3341.03393554688 3338.66821289062 3336.10791015625 3333.65380859375 3331.03051757812
-3.4e+38 -3.4e+38 -3.4e+38 -3.4e+38 -3.4e+38 3425.87963867188 3426.63037109375 3424.92797851562 3421.50805664062 3417.79443359375 3414.84448242188 3410.96606445312 3406.53857421875 3402.35107421875 3398.34765625 3394.18994140625 3390.837890625 3388.33325195312 3386.11376953125 3383.82275390625 3381.50634765625 3379.35278320312 3377.1064453125 3374.5966796875 3372.123046875 3369.96484375 3367.74609375 3365.64208984375 3364.10375976562 3363.03149414062 3362.16845703125 3361.36376953125 3360.46826171875 3359.388671875 3358.0400390625 3356.8486328125 3356.55590820312 3356.94458007812 3357.1611328125 3356.59765625 3355.4794921875 3354.18627929688 3352.154296875 3349.51220703125 3347.2138671875 3344.94873046875 3342.548828125 3340.01806640625 3337.50561523438 3334.72045898438
-3.4e+38 -3.4e+38 -3.4e+38 -3.4e+38 -3.4e+38 -3.4e+38 3423.81640625 3422.990234375 3420.91381835938 3418.49829101562 3416.3671875 3413.0263671875 3408.724609375 3404.71899414062 3400.97509765625 3396.984375 3393.52319335938 3390.88159179688 3388.67041015625 3386.42236328125 3384.1923828125 3382.17553710938 3380.02612304688 3377.55395507812 3375.12109375 3373.04052734375 3370.87158203125 3368.78588867188 3367.31787109375 3366.5234375 3366.02197265625 3365.31762695312 3364.244140625 3362.98266601562 3361.67822265625 3360.67846679688 3360.25122070312 3360.2470703125 3360.23486328125 3359.87768554688 3359.17602539062 3358.18994140625 3356.38354492188 3353.8759765625 3351.53198242188 3349.08032226562 3346.49584960938 3343.92529296875 3341.48461914062 3338.70922851562
-3.4e+38 -3.4e+38 -3.4e+38 -3.4e+38 -3.4e+38 -3.4e+38 3421.1787109375 3420.98291015625 3419.98193359375 3418.76806640625 3417.39794921875 3414.8349609375 3410.93212890625 3407.0126953125 3403.45629882812 3399.7412109375 3396.34204101562 3393.68359375 3391.40869140625 3389.08764648438 3386.85815429688 3384.90161132812 3382.8369140625 3380.5146484375 3378.29931640625 3376.42700195312 3374.53393554688 3372.77368164062 3371.39501953125 3370.58178710938 3370.0478515625 3369.291015625 3368.17700195312 3366.8251953125 3365.37353515625 3364.328125 3363.70190429688 3363.40966796875 3363.4384765625 3363.39184570312 3362.92138671875 3362.0361328125 3360.306640625 3358.05297851562 3355.75 3353.12060546875 3350.36352539062 3347.74340820312 3345.35327148438 3342.72338867188
-3.4e+38 -3.4e+38 -3.4e+38 -3.4e+38 -3.4e+38 -3.4e+38 -3.4e+38 3419.9873046875 3419.58251953125 3418.8173828125 3417.86499023438 3416.169921875 3413.05224609375 3409.3203125 3405.90063476562 3402.42016601562 3399.30981445312 3396.86938476562 3394.53466796875 3391.98486328125 3389.640625 3387.72045898438 3385.75537109375 3383.6103515625 3381.64501953125 3379.93896484375 3378.35766601562 3377.15405273438 3376.1298828125 3375.25268554688 3374.41088867188 3373.56811523438 3372.60327148438 3371.30786132812 3369.6328125 3368.17797851562 3367.21508789062 3366.79711914062 3366.97094726562 3367.13696289062 3366.86450195312 3366.13891601562 3364.53369140625 3362.44091796875 3360.16625976562 3357.32958984375 3354.25390625 3351.5087890625 3349.1455078125 3346.59765625
-3.4e+38 -3.4e+38 -3.4e+38 -3.4e+38 -3.4e+38 -3.4e+38 -3.4e+38 3419.48876953125 3419.40576171875 3418.9296875 3418.1884765625 3417.06518554688 3414.88793945312 3411.74658203125 3408.55395507812 3405.21435546875 3402.41259765625 3400.25244140625 3397.9443359375 3395.2548828125 3392.71923828125 3390.75708007812 3388.88134765625 3386.9130859375 3385.12719726562 3383.6396484375 3382.36791992188 3381.4755859375 3380.66040039062 3379.82641601562 3378.92993164062 3378.19482421875 3377.51171875 3376.69384765625 3375.22338867188 3373.25390625 3371.86499023438 3371.2314453125 3371.12548828125 3371.0693359375 3370.76123046875 3370.00927734375 3368.6318359375 3366.94165039062 3364.953125 3362.0673828125 3358.72021484375 3355.53930664062 3352.82421875 3350.24145507812
-3.4e+38 -3.4e+38 -3.4e+38 -3.4e+38 -3.4e+38 -3.4e+38 -3.4e+38 3419.36889648438 3419.45166015625 3419.22631835938 3418.67211914062 3417.75512695312 3416.31567382812 3414.05810546875 3411.26538085938 3408.14282226562 3405.52661132812 3403.56127929688 3401.45361328125 3398.86669921875 3396.28979492188 3394.18725585938 3392.205078125 3390.27099609375 3388.66796875 3387.4443359375 3386.4521484375 3385.78295898438 3385.15209960938 3384.4033203125 3383.47875976562 3382.65087890625 3382.021484375 3381.39794921875 3380.16943359375 3378.2001953125 3376.78637695312 3376.13696289062 3375.71020507812 3375.306640625 3374.71362304688 3373.77197265625 3372.470703125 3370.90283203125 3369.142578125 3366.81030273438 3363.86401367188 3360.43041992188 3357.19189453125 3353.95483398438
-3.4e+38 -3.4e+38 -3.4e+38 -3.4e+38 -3.4e+38 -3.4e+38 -3.4e+38 -3.4e+38 3419.77001953125 3419.7119140625 3419.30297851562 3418.51684570312 3417.39868164062 3415.87182617188 3413.69409179688 3410.89379882812 3408.41479492188 3406.5302734375 3404.66040039062 3402.44946289062 3400.11889648438 3397.98461914062 3395.86254882812 3393.86694335938 3392.31762695312 3391.16455078125 3390.34448242188 3390.04638671875 3389.77368164062 3389.0791015625 3387.9580078125 3386.88305664062 3386.06567382812 3385.14892578125 3383.6748046875 3381.98364257812 3380.81469726562 3380.17407226562 3379.6884765625 3379.22534179688 3378.61767578125 3377.66943359375 3376.2666015625 3374.59008789062 3372.939453125 3370.9345703125 3368.49145507812 3365.79736328125 3362.63842773438 3358.65991210938
-3.4e+38 -3.4e+38 -3.4e+38 -3.4e+38 -3.4e+38 -3.4e+38 -3.4e+38 -3.4e+38 3420.32690429688 3420.35400390625 3420.0146484375 3419.29565429688 3418.21875 3417.05322265625 3415.50756835938 3413.21752929688 3411.0029296875 3409.15673828125 3407.35424804688 3405.47973632812 3403.59228515625 3401.77075195312 3399.75903320312 3397.76684570312 3396.14135742188 3394.93090820312 3394.10107421875 3393.76831054688 3393.521484375 3392.88647460938 3391.84008789062 3390.84057617188 3390.00903320312 3388.81640625 3386.92749023438 3385.29638671875 3384.1953125 3383.369140625 3382.75610351562 3382.24560546875 3381.63989257812 3380.7841796875 3379.64672851562 3378.2919921875 3376.78735351562 3374.81372070312 3372.50805664062 3370.15112304688 3367.57934570312 3364.03198242188
-3.4e+38 -3.4e+38 -3.4e+38 -3.4e+38 -3.4e+38 -3.4e+38 -3.4e+38 -3.4e+38 3421.08203125 3421.1484375 3420.87036132812 3420.22900390625 3419.22973632812 3418.1572265625 3416.91381835938 3415.18896484375 3413.28271484375 3411.57763671875 3409.79858398438 3408.02734375 3406.45654296875 3405.0126953125 3403.3447265625 3401.53344726562 3399.88427734375 3398.66674804688 3397.72827148438 3397.06372070312 3396.5009765625 3395.86254882812 3395.02465820312 3394.02856445312 3393.12451171875 3391.80102539062 3389.7734375 3388.03686523438 3386.943359375 3386.12646484375 3385.44580078125 3384.798828125 3384.2001953125 3383.40576171875 3382.40478515625 3381.31884765625 3380.12109375 3378.40869140625 3376.19262695312 3373.91430664062 3371.62426757812 3368.6806640625
-3.4e+38 -3.4e+38 -3.4e+38 -3.4e+38 -3.4e+38 -3.4e+38 -3.4e+38 -3.4e+38 -3.4e+38 3422.13330078125 3421.94262695312 3421.35375976562 3420.4560546875 3419.53759765625 3418.36962890625 3416.919921875 3415.3642578125 3413.80053710938 3412.08666992188 3410.43334960938 3408.97631835938 3407.6455078125 3406.20654296875 3404.630859375 3403.15209960938 3402.01977539062 3400.97509765625 3400.0927734375 3399.42211914062 3398.841796875 3398.01977539062 3396.85668945312 3395.6123046875 3394.08349609375 3392.04956054688 3390.26025390625 3389.23706054688 3388.521484375 3387.84155273438 3387.18481445312 3386.57739257812 3385.8984375 3385.03857421875 3384.04858398438 3382.94995117188 3381.44506835938 3379.57470703125 3377.55322265625 3375.34936523438 3372.677734375
-3.4e+38 -3.4e+38 -3.4e+38 -3.4e+38 -3.4e+38 -3.4e+38 -3.4e+38 -3.4e+38 -3.4e+38 3423.37182617188 3423.18872070312 3422.6025390625 3421.78515625 3420.96362304688 3419.87377929688 3418.474609375 3417.15673828125 3415.82250976562 3414.28466796875 3412.72021484375 3411.330078125 3410.08862304688 3408.69848632812 3407.26123046875 3406.01684570312 3404.94360351562 3403.90087890625 3403.00390625 3402.42651367188 3401.98974609375 3401.14501953125 3399.779296875 3398.212890625 3396.39868164062 3394.41479492188 3392.77587890625 3391.79833984375 3391.029296875 3390.259765625 3389.56323242188 3388.94384765625 3388.32006835938 3387.58666992188 3386.70043945312 3385.71264648438 3384.36352539062 3382.68823242188 3380.96801757812 3379.029296875 3376.53173828125
-3.4e+38 -3.4e+38 -3.4e+38 -3.4e+38 -3.4e+38 -3.4e+38 -3.4e+38 -3.4e+38 -3.4e+38 3424.66650390625 3424.47924804688 3423.91333007812 3423.1279296875 3422.34057617188 3421.361328125 3420.0947265625 3418.84936523438 3417.66967773438 3416.35400390625 3414.96728515625 3413.61010742188 3412.37963867188 3411.11474609375 3409.87280273438 3408.76049804688 3407.73974609375 3406.68872070312 3405.77221679688 3405.19897460938 3404.68725585938 3403.86206054688 3402.5185546875 3400.78588867188 3398.8525390625 3396.96313476562 3395.4150390625 3394.3994140625 3393.54809570312 3392.74731445312 3392.03369140625 3391.43872070312 3390.91333007812 3390.228515625 3389.34399414062 3388.44018554688 3387.2939453125 3385.91796875 3384.3623046875 3382.54467773438 3380.27099609375
