MCO_data_requests/covino_4_2_2020/subwatershed_outputs/fool_dem_utm_10m.asc
NCOLS 219 
NROWS 456 
XLLCORNER 424681.519902415 
YLLCORNER 4412937.22541033 
CELLSIZE 10 
NODATA_value -3.4e+38 
[rows 299 to 321 of 456, columns 159 to 211 of 219]
3167.45361328125 3169.59936523438 3171.93896484375 3174.17163085938 3176.03491210938 3177.89819335938 3180.1669921875 3182.57348632812 3184.595703125 3186.5166015625 3188.45849609375 3190.23413085938 3191.7978515625 3193.50122070312 3195.43896484375 3197.48193359375 3199.41455078125 3201.56982421875 3203.79345703125 3205.90991210938 3207.90551757812 3210.61181640625 3214.04418945312 3217.29541015625 3220.53051757812 3224.02514648438 3227.22192382812 3229.87255859375 3233.20483398438 3238.09936523438 3243.58959960938 3248.24731445312 3252.7978515625 3257.07202148438 3260.71459960938 3263.79467773438 3266.96118164062 3270.00561523438 3272.81225585938 3275.38549804688 3278.17504882812 3280.88989257812 3283.1611328125 3285.24780273438 3287.3828125 3289.20092773438 3290.66528320312 3292.16235351562 3293.75756835938 3295.22021484375 3296.53857421875 3298.10034179688 3299.904296875
3169.87670898438 3171.95043945312 3174.13598632812 3176.29858398438 3178.10375976562 3179.85498046875 3181.93432617188 3184.19506835938 3186.11303710938 3187.97534179688 3189.91870117188 3191.767578125 3193.35302734375 3195.2109375 3197.3623046875 3199.54028320312 3201.62548828125 3203.99658203125 3206.357421875 3208.47216796875 3210.64916992188 3213.35327148438 3216.28735351562 3219.11547851562 3222.38061523438 3225.95751953125 3229.02783203125 3231.77661132812 3235.66577148438 3240.79663085938 3246.00415039062 3250.52172851562 3255.04321289062 3259.12744140625 3262.59594726562 3265.66357421875 3268.97973632812 3272.23803710938 3275.07373046875 3277.66259765625 3280.466796875 3283.11840820312 3285.33642578125 3287.48876953125 3289.666015625 3291.52294921875 3293.01708984375 3294.55444335938 3296.18383789062 3297.69165039062 3299.04858398438 3300.60205078125 3302.33520507812
3172.224609375 3174.21801757812 3176.38354492188 3178.44189453125 3180.16577148438 3181.861328125 3183.80102539062 3185.80004882812 3187.6123046875 3189.45336914062 3191.31762695312 3193.17602539062 3194.92919921875 3197.01538085938 3199.31323242188 3201.61499023438 3203.85327148438 3206.37084960938 3208.90966796875 3211.17431640625 3213.4716796875 3216.17553710938 3218.93701171875 3221.56176757812 3224.7998046875 3228.36987304688 3231.37939453125 3234.2724609375 3238.30395507812 3243.27075195312 3248.24829101562 3252.75170898438 3257.19287109375 3261.0205078125 3264.34936523438 3267.42626953125 3270.92138671875 3274.42895507812 3277.40063476562 3280.00390625 3282.76220703125 3285.39868164062 3287.61791992188 3289.8017578125 3291.978515625 3293.84912109375 3295.32739257812 3296.82421875 3298.44458007812 3300.01928710938 3301.42016601562 3302.97094726562 3304.64135742188
3174.52978515625 3176.51123046875 3178.68603515625 3180.6845703125 3182.34936523438 3183.99096679688 3185.76538085938 3187.599609375 3189.29125976562 3190.98999023438 3192.6962890625 3194.51733398438 3196.44189453125 3198.80688476562 3201.27124023438 3203.66967773438 3205.99194335938 3208.607421875 3211.37524414062 3213.89013671875 3216.36254882812 3219.15380859375 3222.0244140625 3224.751953125 3227.89013671875 3231.22338867188 3234.18334960938 3237.0869140625 3240.88916015625 3245.498046875 3250.26586914062 3254.6416015625 3258.98486328125 3262.74462890625 3266.05859375 3269.23657226562 3272.95434570312 3276.68823242188 3279.77465820312 3282.35693359375 3285.09692382812 3287.78002929688 3290.00146484375 3292.123046875 3294.21704101562 3296.05419921875 3297.52392578125 3299.0439453125 3300.63647460938 3302.2158203125 3303.6533203125 3305.21533203125 3306.7822265625
3176.90185546875 3178.87426757812 3181.00170898438 3182.935546875 3184.470703125 3186.05029296875 3187.77319335938 3189.54174804688 3191.10375976562 3192.6416015625 3194.1552734375 3195.92163085938 3198.06494140625 3200.54736328125 3203.09252929688 3205.56860351562 3208.02294921875 3210.806640625 3213.74096679688 3216.5166015625 3219.25415039062 3222.22290039062 3225.3154296875 3228.23315429688 3231.21362304688 3234.13720703125 3236.943359375 3239.65649414062 3243.14990234375 3247.58837890625 3252.12280273438 3256.19067382812 3260.49145507812 3264.42211914062 3267.85083007812 3271.16040039062 3275.06225585938 3278.896484375 3281.96655273438 3284.6083984375 3287.47729492188 3290.22924804688 3292.37377929688 3294.34814453125 3296.33935546875 3298.13500976562 3299.63134765625 3301.19921875 3302.79663085938 3304.36059570312 3305.81030273438 3307.36547851562 3308.8427734375
3179.28930664062 3181.29028320312 3183.29809570312 3184.97509765625 3186.41772460938 3188.01708984375 3189.78637695312 3191.53564453125 3193.05737304688 3194.57666015625 3196.1591796875 3197.91040039062 3199.93432617188 3202.34106445312 3204.76782226562 3207.27270507812 3209.89184570312 3212.93872070312 3216.01586914062 3218.85815429688 3221.806640625 3225.16625976562 3228.60424804688 3231.51879882812 3234.17553710938 3236.83544921875 3239.48217773438 3242.01342773438 3245.39990234375 3249.83764648438 3254.05346679688 3257.77270507812 3262.13671875 3266.2216796875 3269.76123046875 3273.19653320312 3277.1162109375 3280.84448242188 3283.8427734375 3286.68017578125 3289.765625 3292.55493164062 3294.60131835938 3296.47778320312 3298.400390625 3300.20434570312 3301.73168945312 3303.33837890625 3304.96801757812 3306.52587890625 3307.94970703125 3309.48681640625 3310.984375
3181.65234375 3183.55297851562 3185.27172851562 3186.84375 3188.30004882812 3189.93920898438 3191.70947265625 3193.54565429688 3195.1708984375 3196.80981445312 3198.57104492188 3200.36938476562 3202.19946289062 3204.28540039062 3206.45556640625 3208.96069335938 3211.79931640625 3215.03784179688 3218.21215820312 3221.04833984375 3224.12915039062 3227.75244140625 3231.384765625 3234.21533203125 3236.72045898438 3239.3359375 3241.94995117188 3244.64404296875 3248.34521484375 3252.73266601562 3256.64135742188 3260.076171875 3264.17895507812 3268.20556640625 3271.85302734375 3275.30395507812 3279.095703125 3282.68408203125 3285.63842773438 3288.61474609375 3291.78588867188 3294.54736328125 3296.59326171875 3298.51293945312 3300.41015625 3302.22265625 3303.82202148438 3305.52172851562 3307.17333984375 3308.71044921875 3310.16723632812 3311.71313476562 3313.22509765625
3183.732421875 3185.40478515625 3187.05419921875 3188.61791992188 3190.06103515625 3191.7041015625 3193.51000976562 3195.42700195312 3197.27612304688 3199.205078125 3201.15454101562 3203.01586914062 3204.75073242188 3206.59790039062 3208.60815429688 3211.03637695312 3213.89184570312 3217.13500976562 3220.34130859375 3223.24438476562 3226.3935546875 3229.97143554688 3233.48486328125 3236.30908203125 3239.0009765625 3241.724609375 3244.59423828125 3247.779296875 3251.85986328125 3256.12939453125 3259.84838867188 3263.14013671875 3266.70922851562 3270.51904296875 3274.26879882812 3277.5458984375 3281.03393554688 3284.46313476562 3287.37866210938 3290.34619140625 3293.49853515625 3296.22509765625 3298.3701171875 3300.44799804688 3302.390625 3304.22509765625 3305.90600585938 3307.69653320312 3309.39965820312 3310.95458984375 3312.40283203125 3313.96899414062 3315.51684570312
3185.42626953125 3186.99243164062 3188.63256835938 3190.2373046875 3191.673828125 3193.31640625 3195.216796875 3197.322265625 3199.40209960938 3201.6884765625 3203.88793945312 3205.7421875 3207.42919921875 3209.36083984375 3211.51220703125 3213.76245117188 3216.28076171875 3219.310546875 3222.54028320312 3225.43530273438 3228.51416015625 3231.95190429688 3235.3095703125 3238.17602539062 3241.126953125 3244.16748046875 3247.53735351562 3251.19506835938 3255.39233398438 3259.50927734375 3263.16357421875 3266.44995117188 3269.86206054688 3273.63012695312 3277.29345703125 3280.15258789062 3283.03344726562 3286.18627929688 3288.94458007812 3291.78198242188 3294.93432617188 3297.82299804688 3300.14770507812 3302.34619140625 3304.37084960938 3306.25805664062 3307.99072265625 3309.8232421875 3311.60595703125 3313.17700195312 3314.615234375 3316.18408203125 3317.76538085938
3186.88842773438 3188.515625 3190.17041015625 3191.74487304688 3193.1748046875 3194.8974609375 3197.03833007812 3199.39111328125 3201.66381835938 3204.23754882812 3206.69189453125 3208.587890625 3210.32006835938 3212.416015625 3214.74658203125 3216.87133789062 3219.041015625 3221.75561523438 3224.89208984375 3227.64990234375 3230.51318359375 3233.84033203125 3237.16455078125 3240.05249023438 3243.20141601562 3246.708984375 3250.56787109375 3254.5166015625 3258.72924804688 3262.76391601562 3266.47778320312 3269.900390625 3273.57397460938 3277.43872070312 3280.662109375 3282.96362304688 3285.240234375 3287.92211914062 3290.37939453125 3293.13647460938 3296.41430664062 3299.53881835938 3302.05151367188 3304.33178710938 3306.43334960938 3308.341796875 3310.080078125 3311.96728515625 3313.80004882812 3315.3671875 3316.79077148438 3318.42578125 3320.1162109375
3188.3671875 3190.01342773438 3191.63110351562 3193.1953125 3194.69873046875 3196.65234375 3199.09448242188 3201.59204101562 3203.98657226562 3206.69458007812 3209.33447265625 3211.4482421875 3213.36572265625 3215.62622070312 3217.97265625 3220.02294921875 3222.16528320312 3224.73608398438 3227.57348632812 3230.07421875 3232.73461914062 3235.95092773438 3239.17431640625 3241.93115234375 3245.240234375 3249.15380859375 3253.2490234375 3257.32104492188 3261.74975585938 3265.95434570312 3269.68139648438 3273.2646484375 3277.1923828125 3280.81005859375 3283.35913085938 3285.37231445312 3287.47290039062 3289.68188476562 3291.81811523438 3294.6611328125 3298.2705078125 3301.56030273438 3304.06616210938 3306.3896484375 3308.53662109375 3310.45825195312 3312.21606445312 3314.16088867188 3316.04541015625 3317.65454101562 3319.12646484375 3320.869140625 3322.71069335938
3189.92041015625 3191.49243164062 3193.05786132812 3194.68188476562 3196.3828125 3198.66821289062 3201.29614257812 3203.86450195312 3206.30688476562 3209.03540039062 3211.82958984375 3214.24658203125 3216.4169921875 3218.8095703125 3221.19458007812 3223.279296875 3225.5166015625 3228.03588867188 3230.56201171875 3232.90942382812 3235.57983398438 3238.6201171875 3241.462890625 3243.9951171875 3247.41430664062 3251.44604492188 3255.46362304688 3259.60522460938 3264.49267578125 3269.072265625 3272.8173828125 3276.47509765625 3280.32202148438 3283.33178710938 3285.3876953125 3287.38452148438 3289.45678710938 3291.533203125 3293.69287109375 3296.79516601562 3300.58447265625 3303.85083007812 3306.24389648438 3308.50122070312 3310.6552734375 3312.59375 3314.36791992188 3316.34692382812 3318.26879882812 3319.95629882812 3321.54736328125 3323.46728515625 3325.50927734375
3191.54638671875 3193.02075195312 3194.52661132812 3196.30688476562 3198.3291015625 3200.84204101562 3203.5478515625 3206.10522460938 3208.5732421875 3211.400390625 3214.31176757812 3216.96850585938 3219.42822265625 3221.96606445312 3224.50708007812 3226.74194335938 3228.99291992188 3231.35791015625 3233.740234375 3236.15698242188 3238.96606445312 3241.79467773438 3244.25024414062 3246.66772460938 3249.99682617188 3253.74536132812 3257.58471679688 3261.90502929688 3267.00024414062 3271.77758789062 3275.642578125 3279.32373046875 3282.81079101562 3285.35131835938 3287.33911132812 3289.29345703125 3291.392578125 3293.73022460938 3296.33227539062 3299.65991210938 3303.25170898438 3306.22509765625 3308.46044921875 3310.65966796875 3312.81298828125 3314.73510742188 3316.50805664062 3318.4921875 3320.43188476562 3322.16430664062 3323.8876953125 3325.98974609375 3328.15063476562
3193.30883789062 3194.72021484375 3196.27075195312 3198.2470703125 3200.48266601562 3203.11303710938 3205.841796875 3208.35693359375 3210.83666992188 3213.78564453125 3216.77709960938 3219.49877929688 3222.22534179688 3225.10327148438 3227.908203125 3230.28051757812 3232.4921875 3234.7451171875 3237.14379882812 3239.65283203125 3242.46313476562 3245.12963867188 3247.55395507812 3249.99340820312 3253.04809570312 3256.38720703125 3260.05419921875 3264.34619140625 3269.26000976562 3273.984375 3277.96655273438 3281.50366210938 3284.65258789062 3287.22998046875 3289.24609375 3291.22338867188 3293.609375 3296.42822265625 3299.38842773438 3302.73120117188 3305.95703125 3308.54223632812 3310.6650390625 3312.88745117188 3315.04663085938 3316.93432617188 3318.65747070312 3320.6123046875 3322.55346679688 3324.31323242188 3326.11743164062 3328.25170898438 3330.32153320312
3195.20166015625 3196.7763671875 3198.56225585938 3200.59130859375 3202.78466796875 3205.39697265625 3208.13232421875 3210.66455078125 3213.19116210938 3216.16015625 3219.201171875 3221.94409179688 3224.87353515625 3228.123046875 3231.173828125 3233.57348632812 3235.73803710938 3238.02563476562 3240.54663085938 3243.07983398438 3245.78686523438 3248.390625 3250.90478515625 3253.423828125 3256.41625976562 3259.68896484375 3263.12719726562 3266.87939453125 3271.49536132812 3276.16235351562 3279.94213867188 3283.22802734375 3286.27197265625 3289.05737304688 3291.19702148438 3293.4287109375 3296.29565429688 3299.48071289062 3302.49340820312 3305.6142578125 3308.39794921875 3310.76635742188 3312.89111328125 3315.1787109375 3317.306640625 3319.09448242188 3320.7705078125 3322.68090820312 3324.62158203125 3326.40283203125 3328.23461914062 3330.3154296875 3332.25219726562
3197.38623046875 3199.20629882812 3201.17431640625 3203.1240234375 3205.14965820312 3207.69360351562 3210.4873046875 3213.04052734375 3215.58569335938 3218.56030273438 3221.62475585938 3224.46142578125 3227.57934570312 3231.00927734375 3234.0390625 3236.376953125 3238.6513671875 3241.09838867188 3243.70727539062 3246.1826171875 3248.82958984375 3251.51904296875 3254.1416015625 3256.7431640625 3259.93286132812 3263.39477539062 3266.54272460938 3269.66625976562 3273.8193359375 3278.29663085938 3281.77856445312 3284.87158203125 3287.98852539062 3290.947265625 3293.39086914062 3296.06762695312 3299.25317382812 3302.53271484375 3305.42333984375 3308.14697265625 3310.67626953125 3312.97680664062 3315.13037109375 3317.4228515625 3319.45849609375 3321.1591796875 3322.78466796875 3324.68017578125 3326.64111328125 3328.4140625 3330.23974609375 3332.26831054688 3334.18017578125
3199.96728515625 3201.9150390625 3203.90844726562 3205.74584960938 3207.60205078125 3210.150390625 3213.00634765625 3215.50537109375 3217.99658203125 3220.99194335938 3224.07958984375 3226.93701171875 3230.107421875 3233.51879882812 3236.46923828125 3238.88037109375 3241.44213867188 3244.0712890625 3246.68432617188 3249.1552734375 3251.84008789062 3254.62841796875 3257.42114257812 3260.25634765625 3263.6767578125 3267.11572265625 3270.0029296875 3272.78735351562 3276.375 3280.31713867188 3283.56616210938 3286.59423828125 3289.7099609375 3292.81323242188 3295.75512695312 3298.92358398438 3302.26782226562 3305.39770507812 3307.93432617188 3310.44873046875 3312.93994140625 3315.20947265625 3317.3017578125 3319.4306640625 3321.369140625 3323.07568359375 3324.71875 3326.63720703125 3328.5966796875 3330.38305664062 3332.27587890625 3334.34057617188 3336.29370117188
3202.76538085938 3204.78979492188 3206.78344726562 3208.61279296875 3210.48461914062 3213 3215.73022460938 3218.02270507812 3220.4697265625 3223.46118164062 3226.46411132812 3229.2421875 3232.30908203125 3235.6181640625 3238.654296875 3241.27075195312 3244.11352539062 3246.99169921875 3249.67602539062 3252.1826171875 3254.98608398438 3257.93994140625 3260.970703125 3264.0419921875 3267.46752929688 3270.68774414062 3273.36450195312 3275.91137695312 3278.93603515625 3282.2646484375 3285.36376953125 3288.37060546875 3291.45068359375 3294.798828125 3298.21215820312 3301.80322265625 3305.166015625 3307.94091796875 3310.2626953125 3312.75659179688 3315.19311523438 3317.38598632812 3319.29833984375 3321.27954101562 3323.185546875 3324.900390625 3326.58764648438 3328.5009765625 3330.48291015625 3332.38403320312 3334.40502929688 3336.54711914062 3338.47192382812
3205.68505859375 3207.75512695312 3209.81787109375 3211.81323242188 3213.859375 3216.30639648438 3218.73608398438 3220.7265625 3223.0419921875 3225.94018554688 3228.7275390625 3231.32006835938 3234.37377929688 3237.69946289062 3240.78930664062 3243.51123046875 3246.58349609375 3249.81030273438 3252.68505859375 3255.29663085938 3258.30224609375 3261.58544921875 3264.79443359375 3267.81176757812 3270.98608398438 3273.95361328125 3276.52270507812 3278.96337890625 3281.58422851562 3284.53491210938 3287.419921875 3290.20458984375 3293.31762695312 3297.15795898438 3301.00415039062 3304.72631835938 3307.7431640625 3310.26708984375 3312.5556640625 3315.01953125 3317.3662109375 3319.3486328125 3321.13037109375 3323.0810546875 3324.98266601562 3326.65185546875 3328.33471679688 3330.35571289062 3332.52563476562 3334.54321289062 3336.61791992188 3338.71826171875 3340.60327148438
3208.71337890625 3210.84912109375 3213.11303710938 3215.25561523438 3217.3349609375 3219.67333984375 3221.81982421875 3223.67211914062 3225.81567382812 3228.46215820312 3231.037109375 3233.48217773438 3236.5615234375 3239.88891601562 3242.89404296875 3245.72607421875 3249.025390625 3252.48291015625 3255.630859375 3258.501953125 3261.8193359375 3265.42163085938 3268.54931640625 3271.23291015625 3274.07202148438 3276.9453125 3279.52221679688 3282.0439453125 3284.67041015625 3287.384765625 3289.89038085938 3292.39892578125 3295.62548828125 3299.880859375 3303.83056640625 3307.28930664062 3310.05688476562 3312.49169921875 3314.74536132812 3317.13256835938 3319.2841796875 3321.12451171875 3322.85327148438 3324.7470703125 3326.63671875 3328.2900390625 3330.05688476562 3332.28466796875 3334.59008789062 3336.6943359375 3338.84716796875 3340.9599609375 3342.87231445312
3211.72705078125 3214.1083984375 3216.57495117188 3218.66430664062 3220.5986328125 3222.70190429688 3224.69360351562 3226.57470703125 3228.67407226562 3231.1259765625 3233.66552734375 3236.1416015625 3239.16088867188 3242.3154296875 3245.18310546875 3248.10693359375 3251.58837890625 3255.14721679688 3258.4853515625 3261.68237304688 3265.33715820312 3268.9794921875 3271.765625 3274.1572265625 3276.88500976562 3279.71704101562 3282.326171875 3285.00366210938 3287.78588867188 3290.42431640625 3292.7568359375 3295.271484375 3298.57153320312 3302.62084960938 3306.20727539062 3309.37866210938 3312.23510742188 3314.705078125 3316.86547851562 3319.02392578125 3321.01025390625 3322.73315429688 3324.41235351562 3326.32666015625 3328.23779296875 3329.99291992188 3331.90844726562 3334.18115234375 3336.54150390625 3338.736328125 3341.02856445312 3343.251953125 3345.24365234375
3214.70141601562 3217.41674804688 3219.88549804688 3221.67529296875 3223.39135742188 3225.33569335938 3227.34985351562 3229.24487304688 3231.36157226562 3233.87866210938 3236.5791015625 3239.2138671875 3242.12036132812 3245.07202148438 3247.8876953125 3250.77075195312 3254.208984375 3257.861328125 3261.40966796875 3264.83862304688 3268.53076171875 3271.81591796875 3274.37768554688 3276.79272460938 3279.5654296875 3282.47045898438 3285.18579101562 3287.974609375 3290.81030273438 3293.44116210938 3295.77490234375 3298.44018554688 3301.68579101562 3305.10278320312 3308.19555664062 3311.39892578125 3314.419921875 3316.87182617188 3318.77001953125 3320.69409179688 3322.59545898438 3324.251953125 3325.90771484375 3327.91748046875 3329.94946289062 3331.72827148438 3333.66967773438 3335.98999023438 3338.43408203125 3340.6123046875 3343.00756835938 3345.53149414062 3347.83837890625
3217.66577148438 3220.33154296875 3222.49658203125 3224.05224609375 3225.76098632812 3227.81079101562 3229.86669921875 3231.80639648438 3234.08837890625 3236.80712890625 3239.650390625 3242.3134765625 3245.14794921875 3248.00927734375 3250.7880859375 3253.53466796875 3256.90014648438 3260.7021484375 3264.44506835938 3267.86743164062 3271.21166992188 3274.21337890625 3276.79614257812 3279.30102539062 3282.2470703125 3285.38940429688 3288.2978515625 3291.15649414062 3293.79077148438 3296.29711914062 3298.65380859375 3301.45263671875 3304.54370117188 3307.404296875 3310.19848632812 3313.45385742188 3316.49829101562 3318.7216796875 3320.435546875 3322.27221679688 3324.08129882812 3325.71044921875 3327.40893554688 3329.5205078125 3331.61181640625 3333.43701171875 3335.40454101562 3337.77392578125 3340.25927734375 3342.54370117188 3345.08715820312 3347.77514648438 3350.35595703125
