MCO_data_requests/covino_4_2_2020/subwatershed_outputs/fool_dem_utm_10m.asc
NCOLS 219 
NROWS 456 
XLLCORNER 424681.519902415 
YLLCORNER 4412937.22541033 
CELLSIZE 10 
NODATA_value -3.4e+38 
[rows 299 to 321 of 456, columns 53 to 105 of 219]
-3.4e+38 -3.4e+38 -3.4e+38 -3.4e+38 -3.4e+38 -3.4e+38 -3.4e+38 -3.4e+38 -3.4e+38 -3.4e+38 -3.4e+38 -3.4e+38 -3.4e+38 -3.4e+38 -3.4e+38 -3.4e+38 -3.4e+38 -3.4e+38 -3.4e+38 -3.4e+38 -3.4e+38 -3.4e+38 -3.4e+38 3225.369140625 3225 3224.16845703125 3222.95141601562 3221.74145507812 3220.39306640625 3218.73901367188 3217.04931640625 3215.40454101562 3213.43505859375 3211.41284179688 3209.6044921875 3207.662109375 3205.4091796875 3203.140625 3201.24536132812 3199.44384765625 3197.87158203125 3196.63110351562 3195.6689453125 3194.89477539062 3194.37451171875 3193.9638671875 3193.57495117188 3193.14501953125 3192.76025390625 3192.5205078125 3192.29736328125 3192.11669921875 3192.00073242188
-3.4e+38 -3.4e+38 -3.4e+38 -3.4e+38 -3.4e+38 -3.4e+38 -3.4e+38 -3.4e+38 -3.4e+38 -3.4e+38 -3.4e+38 -3.4e+38 -3.4e+38 -3.4e+38 -3.4e+38 -3.4e+38 -3.4e+38 -3.4e+38 -3.4e+38 -3.4e+38 -3.4e+38 -3.4e+38 -3.4e+38 3225.56005859375 3225.27392578125 3224.45458984375 3223.21215820312 3222.00048828125 3220.71069335938 3219.12353515625 3217.47338867188 3215.83666992188 3213.9267578125 3211.95629882812 3210.22290039062 3208.384765625 3206.34765625 3204.29174804688 3202.56469726562 3200.78955078125 3199.17114257812 3197.9111328125 3196.95825195312 3196.20239257812 3195.68017578125 3195.25122070312 3194.87768554688 3194.5048828125 3194.21484375 3193.97802734375 3193.73486328125 3193.51904296875 3193.43334960938
-3.4e+38 -3.4e+38 -3.4e+38 -3.4e+38 -3.4e+38 -3.4e+38 -3.4e+38 -3.4e+38 -3.4e+38 -3.4e+38 -3.4e+38 -3.4e+38 -3.4e+38 -3.4e+38 -3.4e+38 -3.4e+38 -3.4e+38 -3.4e+38 -3.4e+38 -3.4e+38 -3.4e+38 -3.4e+38 -3.4e+38 3225.79858398438 3225.65771484375 3224.89086914062 3223.61059570312 3222.35400390625 3221.10864257812 3219.53540039062 3217.93139648438 3216.28344726562 3214.3837890625 3212.4931640625 3210.84716796875 3209.10400390625 3207.22924804688 3205.36596679688 3203.78149414062 3202.13500976562 3200.56640625 3199.31274414062 3198.39770507812 3197.64428710938 3197.0703125 3196.61303710938 3196.24780273438 3195.91650390625 3195.658203125 3195.42211914062 3195.181640625 3194.97436523438 3194.90380859375
-3.4e+38 -3.4e+38 -3.4e+38 -3.4e+38 -3.4e+38 -3.4e+38 -3.4e+38 -3.4e+38 -3.4e+38 -3.4e+38 -3.4e+38 -3.4e+38 -3.4e+38 -3.4e+38 -3.4e+38 -3.4e+38 -3.4e+38 -3.4e+38 -3.4e+38 -3.4e+38 -3.4e+38 -3.4e+38 -3.4e+38 -3.4e+38 3226.16479492188 3225.48974609375 3224.28540039062 3222.98559570312 3221.5869140625 3220.01611328125 3218.45825195312 3216.77197265625 3214.86767578125 3213.001953125 3211.39770507812 3209.73950195312 3207.9482421875 3206.23266601562 3204.79809570312 3203.3388671875 3201.96728515625 3200.81860351562 3199.89184570312 3199.07592773438 3198.46459960938 3198.00903320312 3197.6396484375 3197.30786132812 3197.06469726562 3196.84301757812 3196.6083984375 3196.46240234375 3196.39990234375
-3.4e+38 -3.4e+38 -3.4e+38 -3.4e+38 -3.4e+38 -3.4e+38 -3.4e+38 -3.4e+38 -3.4e+38 -3.4e+38 -3.4e+38 -3.4e+38 -3.4e+38 -3.4e+38 -3.4e+38 -3.4e+38 -3.4e+38 -3.4e+38 -3.4e+38 -3.4e+38 -3.4e+38 -3.4e+38 -3.4e+38 -3.4e+38 3226.791015625 3226.22387695312 3225.09692382812 3223.73266601562 3222.13427734375 3220.52197265625 3219.00170898438 3217.2978515625 3215.4287109375 3213.58081054688 3211.99169921875 3210.35229492188 3208.60864257812 3206.97778320312 3205.6484375 3204.3115234375 3203.17431640625 3202.2509765625 3201.37133789062 3200.51196289062 3199.85498046875 3199.380859375 3198.98388671875 3198.65966796875 3198.44409179688 3198.2451171875 3198.0390625 3197.91284179688 3197.8740234375
-3.4e+38 -3.4e+38 -3.4e+38 -3.4e+38 -3.4e+38 -3.4e+38 -3.4e+38 -3.4e+38 -3.4e+38 -3.4e+38 -3.4e+38 -3.4e+38 -3.4e+38 -3.4e+38 -3.4e+38 -3.4e+38 -3.4e+38 -3.4e+38 -3.4e+38 -3.4e+38 -3.4e+38 -3.4e+38 -3.4e+38 -3.4e+38 3227.64184570312 3227.18212890625 3226.03784179688 3224.49755859375 3222.75390625 3221.11303710938 3219.541015625 3217.81469726562 3215.9658203125 3214.19946289062 3212.65014648438 3210.98803710938 3209.29150390625 3207.71411132812 3206.4404296875 3205.20581054688 3204.1943359375 3203.43408203125 3202.74731445312 3201.94604492188 3201.2177734375 3200.71264648438 3200.33154296875 3200.02197265625 3199.78979492188 3199.63500976562 3199.46728515625 3199.3359375 3199.29272460938
-3.4e+38 -3.4e+38 -3.4e+38 -3.4e+38 -3.4e+38 -3.4e+38 -3.4e+38 -3.4e+38 -3.4e+38 -3.4e+38 -3.4e+38 -3.4e+38 -3.4e+38 -3.4e+38 -3.4e+38 -3.4e+38 -3.4e+38 -3.4e+38 -3.4e+38 -3.4e+38 -3.4e+38 -3.4e+38 -3.4e+38 -3.4e+38 3228.87377929688 3228.33618164062 3227.2255859375 3225.53076171875 3223.60205078125 3221.79296875 3220.09375 3218.34887695312 3216.53491210938 3214.82421875 3213.29638671875 3211.6474609375 3210.00561523438 3208.49682617188 3207.2998046875 3206.158203125 3205.15209960938 3204.40405273438 3203.85400390625 3203.2099609375 3202.51318359375 3201.99877929688 3201.63940429688 3201.32592773438 3201.08642578125 3200.95727539062 3200.86352539062 3200.75805664062 3200.681640625
-3.4e+38 -3.4e+38 -3.4e+38 -3.4e+38 -3.4e+38 -3.4e+38 -3.4e+38 -3.4e+38 -3.4e+38 -3.4e+38 -3.4e+38 -3.4e+38 -3.4e+38 -3.4e+38 -3.4e+38 -3.4e+38 -3.4e+38 -3.4e+38 -3.4e+38 -3.4e+38 -3.4e+38 -3.4e+38 -3.4e+38 -3.4e+38 -3.4e+38 3229.53369140625 3228.50708007812 3226.70922851562 3224.56982421875 3222.52075195312 3220.69995117188 3218.96362304688 3217.24560546875 3215.56079101562 3214.02172851562 3212.404296875 3210.83374023438 3209.4365234375 3208.29565429688 3207.1416015625 3206.13671875 3205.39965820312 3204.86059570312 3204.34130859375 3203.78271484375 3203.27783203125 3202.9052734375 3202.60913085938 3202.384765625 3202.25463867188 3202.22045898438 3202.16577148438 3202.12182617188
-3.4e+38 -3.4e+38 -3.4e+38 -3.4e+38 -3.4e+38 -3.4e+38 -3.4e+38 -3.4e+38 -3.4e+38 -3.4e+38 -3.4e+38 -3.4e+38 -3.4e+38 -3.4e+38 -3.4e+38 -3.4e+38 -3.4e+38 -3.4e+38 -3.4e+38 -3.4e+38 -3.4e+38 -3.4e+38 -3.4e+38 -3.4e+38 -3.4e+38 3230.71704101562 3229.66162109375 3227.85131835938 3225.6044921875 3223.37280273438 3221.45678710938 3219.67138671875 3218.02075195312 3216.39038085938 3214.88427734375 3213.29467773438 3211.78125 3210.505859375 3209.37426757812 3208.18774414062 3207.23876953125 3206.59643554688 3206.05322265625 3205.54296875 3205.06127929688 3204.60083007812 3204.22900390625 3203.93432617188 3203.72778320312 3203.60546875 3203.55151367188 3203.54077148438 3203.52734375
-3.4e+38 -3.4e+38 -3.4e+38 -3.4e+38 -3.4e+38 -3.4e+38 -3.4e+38 -3.4e+38 -3.4e+38 -3.4e+38 -3.4e+38 -3.4e+38 -3.4e+38 -3.4e+38 -3.4e+38 -3.4e+38 -3.4e+38 -3.4e+38 -3.4e+38 -3.4e+38 -3.4e+38 -3.4e+38 -3.4e+38 -3.4e+38 -3.4e+38 3231.84912109375 3230.78930664062 3229.01123046875 3226.69580078125 3224.31884765625 3222.33837890625 3220.453125 3218.77197265625 3217.22802734375 3215.82739257812 3214.30810546875 3212.84130859375 3211.611328125 3210.48120117188 3209.34423828125 3208.45141601562 3207.8408203125 3207.2841796875 3206.70434570312 3206.23193359375 3205.86181640625 3205.5224609375 3205.26904296875 3205.09033203125 3204.97998046875 3204.8935546875 3204.86987304688 3204.853515625
-3.4e+38 -3.4e+38 -3.4e+38 -3.4e+38 -3.4e+38 -3.4e+38 -3.4e+38 -3.4e+38 -3.4e+38 -3.4e+38 -3.4e+38 -3.4e+38 -3.4e+38 -3.4e+38 -3.4e+38 -3.4e+38 -3.4e+38 -3.4e+38 -3.4e+38 -3.4e+38 -3.4e+38 -3.4e+38 -3.4e+38 -3.4e+38 -3.4e+38 -3.4e+38 3231.93237304688 3230.09301757812 3227.69506835938 3225.30395507812 3223.26489257812 3221.267578125 3219.48681640625 3218.04614257812 3216.771484375 3215.392578125 3214.00903320312 3212.81909179688 3211.734375 3210.67236328125 3209.802734375 3209.13549804688 3208.537109375 3207.86401367188 3207.36206054688 3207.05590820312 3206.78540039062 3206.6201171875 3206.47973632812 3206.373046875 3206.271484375 3206.21337890625 3206.21801757812
-3.4e+38 -3.4e+38 -3.4e+38 -3.4e+38 -3.4e+38 -3.4e+38 -3.4e+38 -3.4e+38 -3.4e+38 -3.4e+38 -3.4e+38 -3.4e+38 -3.4e+38 -3.4e+38 -3.4e+38 -3.4e+38 -3.4e+38 -3.4e+38 -3.4e+38 -3.4e+38 -3.4e+38 -3.4e+38 -3.4e+38 -3.4e+38 -3.4e+38 -3.4e+38 3232.8046875 3231.04809570312 3228.68579101562 3226.31518554688 3224.251953125 3222.158203125 3220.28491210938 3218.89794921875 3217.73657226562 3216.47436523438 3215.21459960938 3214.11157226562 3213.12353515625 3212.1083984375 3211.21264648438 3210.50756835938 3209.86010742188 3209.17114257812 3208.65405273438 3208.32788085938 3208.09716796875 3207.982421875 3207.87524414062 3207.77197265625 3207.654296875 3207.56591796875 3207.58837890625
-3.4e+38 -3.4e+38 -3.4e+38 -3.4e+38 -3.4e+38 -3.4e+38 -3.4e+38 -3.4e+38 -3.4e+38 -3.4e+38 -3.4e+38 -3.4e+38 -3.4e+38 -3.4e+38 -3.4e+38 -3.4e+38 -3.4e+38 -3.4e+38 -3.4e+38 -3.4e+38 -3.4e+38 -3.4e+38 -3.4e+38 -3.4e+38 -3.4e+38 -3.4e+38 3233.36743164062 3231.88134765625 3229.67016601562 3227.36254882812 3225.349609375 3223.22314453125 3221.29052734375 3219.86083984375 3218.74365234375 3217.55029296875 3216.40893554688 3215.4189453125 3214.53881835938 3213.62573242188 3212.68530273438 3211.95556640625 3211.25219726562 3210.61767578125 3210.125 3209.77172851562 3209.53051757812 3209.4130859375 3209.30908203125 3209.20971679688 3209.09887695312 3209.01977539062 3209.0419921875
-3.4e+38 -3.4e+38 -3.4e+38 -3.4e+38 -3.4e+38 -3.4e+38 -3.4e+38 -3.4e+38 -3.4e+38 -3.4e+38 -3.4e+38 -3.4e+38 -3.4e+38 -3.4e+38 -3.4e+38 -3.4e+38 -3.4e+38 -3.4e+38 -3.4e+38 -3.4e+38 -3.4e+38 -3.4e+38 -3.4e+38 -3.4e+38 -3.4e+38 -3.4e+38 3233.82202148438 3232.58374023438 3230.66577148438 3228.53466796875 3226.5791015625 3224.46337890625 3222.5302734375 3220.98193359375 3219.73510742188 3218.56469726562 3217.51196289062 3216.59741210938 3215.8388671875 3215.06958007812 3214.2294921875 3213.517578125 3212.74536132812 3212.13061523438 3211.63940429688 3211.28955078125 3211.02563476562 3210.88745117188 3210.81787109375 3210.71728515625 3210.63110351562 3210.57495117188 3210.533203125
-3.4e+38 -3.4e+38 -3.4e+38 -3.4e+38 -3.4e+38 -3.4e+38 -3.4e+38 -3.4e+38 -3.4e+38 -3.4e+38 -3.4e+38 -3.4e+38 -3.4e+38 -3.4e+38 -3.4e+38 -3.4e+38 -3.4e+38 -3.4e+38 -3.4e+38 -3.4e+38 -3.4e+38 -3.4e+38 -3.4e+38 -3.4e+38 -3.4e+38 -3.4e+38 -3.4e+38 3233.25805664062 3231.72778320312 3229.83227539062 3227.90185546875 3225.81591796875 3223.87084960938 3222.23315429688 3220.81274414062 3219.5615234375 3218.59716796875 3217.7919921875 3217.07763671875 3216.349609375 3215.6708984375 3215.05639648438 3214.30200195312 3213.68237304688 3213.19482421875 3212.84497070312 3212.56201171875 3212.3896484375 3212.32983398438 3212.2392578125 3212.15234375 3212.17333984375 3212.11547851562
-3.4e+38 -3.4e+38 -3.4e+38 -3.4e+38 -3.4e+38 -3.4e+38 -3.4e+38 -3.4e+38 -3.4e+38 -3.4e+38 -3.4e+38 -3.4e+38 -3.4e+38 -3.4e+38 -3.4e+38 -3.4e+38 -3.4e+38 -3.4e+38 -3.4e+38 -3.4e+38 -3.4e+38 -3.4e+38 -3.4e+38 -3.4e+38 -3.4e+38 -3.4e+38 -3.4e+38 3233.86889648438 3232.69140625 3231.12939453125 3229.29223632812 3227.20849609375 3225.22534179688 3223.57202148438 3222.08813476562 3220.73901367188 3219.79321289062 3219.08227539062 3218.38256835938 3217.63037109375 3216.99584960938 3216.46728515625 3215.85717773438 3215.21362304688 3214.74853515625 3214.41040039062 3214.11352539062 3213.96459960938 3213.88940429688 3213.8583984375 3213.79614257812 3213.76611328125 3213.74340820312
-3.4e+38 -3.4e+38 -3.4e+38 -3.4e+38 -3.4e+38 -3.4e+38 -3.4e+38 -3.4e+38 -3.4e+38 -3.4e+38 -3.4e+38 -3.4e+38 -3.4e+38 -3.4e+38 -3.4e+38 -3.4e+38 -3.4e+38 -3.4e+38 -3.4e+38 -3.4e+38 -3.4e+38 -3.4e+38 -3.4e+38 -3.4e+38 -3.4e+38 -3.4e+38 -3.4e+38 -3.4e+38 3233.43334960938 3232.20361328125 3230.626953125 3228.62573242188 3226.68505859375 3225.04370117188 3223.591796875 3222.27807617188 3221.24169921875 3220.47045898438 3219.72827148438 3218.98046875 3218.31567382812 3217.826171875 3217.3310546875 3216.716796875 3216.27124023438 3215.96435546875 3215.70092773438 3215.58178710938 3215.48779296875 3215.43481445312 3215.412109375 3215.37866210938 3215.42260742188
-3.4e+38 -3.4e+38 -3.4e+38 -3.4e+38 -3.4e+38 -3.4e+38 -3.4e+38 -3.4e+38 -3.4e+38 -3.4e+38 -3.4e+38 -3.4e+38 -3.4e+38 -3.4e+38 -3.4e+38 -3.4e+38 -3.4e+38 -3.4e+38 -3.4e+38 -3.4e+38 -3.4e+38 -3.4e+38 -3.4e+38 -3.4e+38 -3.4e+38 -3.4e+38 -3.4e+38 -3.4e+38 3234.00122070312 3233.01953125 3231.79223632812 3230.00756835938 3228.16845703125 3226.64428710938 3225.30786132812 3223.96313476562 3222.82568359375 3221.97412109375 3221.15209960938 3220.31469726562 3219.63256835938 3219.20703125 3218.76245117188 3218.27221679688 3217.8359375 3217.54736328125 3217.31005859375 3217.16577148438 3217.03833007812 3217.00805664062 3216.99975585938 3217.0166015625 3217.091796875
-3.4e+38 -3.4e+38 -3.4e+38 -3.4e+38 -3.4e+38 -3.4e+38 -3.4e+38 -3.4e+38 -3.4e+38 -3.4e+38 -3.4e+38 -3.4e+38 -3.4e+38 -3.4e+38 -3.4e+38 -3.4e+38 -3.4e+38 -3.4e+38 -3.4e+38 -3.4e+38 -3.4e+38 -3.4e+38 -3.4e+38 -3.4e+38 -3.4e+38 -3.4e+38 -3.4e+38 -3.4e+38 -3.4e+38 3233.66918945312 3232.69848632812 3231.30395507812 3229.65673828125 3228.23388671875 3227.01049804688 3225.69604492188 3224.4736328125 3223.57641601562 3222.7255859375 3221.85473632812 3221.19189453125 3220.70166015625 3220.19140625 3219.72778320312 3219.32568359375 3219.05053710938 3218.90576171875 3218.79541015625 3218.68383789062 3218.64086914062 3218.64038085938 3218.69580078125 3218.8447265625
-3.4e+38 -3.4e+38 -3.4e+38 -3.4e+38 -3.4e+38 -3.4e+38 -3.4e+38 -3.4e+38 -3.4e+38 -3.4e+38 -3.4e+38 -3.4e+38 -3.4e+38 -3.4e+38 -3.4e+38 -3.4e+38 -3.4e+38 -3.4e+38 -3.4e+38 -3.4e+38 -3.4e+38 -3.4e+38 -3.4e+38 -3.4e+38 -3.4e+38 -3.4e+38 -3.4e+38 -3.4e+38 -3.4e+38 3234.26293945312 3233.44165039062 3232.39575195312 3231.06079101562 3229.78002929688 3228.60278320312 3227.42016601562 3226.2900390625 3225.3115234375 3224.41381835938 3223.57495117188 3222.89379882812 3222.34399414062 3221.841796875 3221.35278320312 3220.921875 3220.65893554688 3220.5751953125 3220.49853515625 3220.41235351562 3220.33544921875 3220.25219726562 3220.29467773438 3220.54956054688
-3.4e+38 -3.4e+38 -3.4e+38 -3.4e+38 -3.4e+38 -3.4e+38 -3.4e+38 -3.4e+38 -3.4e+38 -3.4e+38 -3.4e+38 -3.4e+38 -3.4e+38 -3.4e+38 -3.4e+38 -3.4e+38 -3.4e+38 -3.4e+38 -3.4e+38 -3.4e+38 -3.4e+38 -3.4e+38 -3.4e+38 -3.4e+38 -3.4e+38 -3.4e+38 -3.4e+38 -3.4e+38 -3.4e+38 -3.4e+38 3234.16674804688 3233.26928710938 3232.20532226562 3231.18359375 3230.1279296875 3229.01049804688 3227.96948242188 3227.0263671875 3226.12280273438 3225.32397460938 3224.65502929688 3224.10888671875 3223.62060546875 3223.17846679688 3222.767578125 3222.57299804688 3222.47216796875 3222.34985351562 3222.27465820312 3222.19384765625 3222.12036132812 3222.2001953125 3222.42944335938
-3.4e+38 -3.4e+38 -3.4e+38 -3.4e+38 -3.4e+38 -3.4e+38 -3.4e+38 -3.4e+38 -3.4e+38 -3.4e+38 -3.4e+38 -3.4e+38 -3.4e+38 -3.4e+38 -3.4e+38 -3.4e+38 -3.4e+38 -3.4e+38 -3.4e+38 -3.4e+38 -3.4e+38 -3.4e+38 -3.4e+38 -3.4e+38 -3.4e+38 -3.4e+38 -3.4e+38 -3.4e+38 -3.4e+38 -3.4e+38 -3.4e+38 3234.02563476562 3233.04248046875 3232.35571289062 3231.6552734375 3230.59643554688 3229.32641601562 3228.478515625 3227.75244140625 3227.11474609375 3226.61669921875 3226.15258789062 3225.61450195312 3225.15258789062 3224.76586914062 3224.53515625 3224.41772460938 3224.31518554688 3224.29760742188 3224.21801757812 3224.15380859375 3224.18505859375 3224.24438476562
-3.4e+38 -3.4e+38 -3.4e+38 -3.4e+38 -3.4e+38 -3.4e+38 -3.4e+38 -3.4e+38 -3.4e+38 -3.4e+38 -3.4e+38 -3.4e+38 -3.4e+38 -3.4e+38 -3.4e+38 -3.4e+38 -3.4e+38 -3.4e+38 -3.4e+38 -3.4e+38 -3.4e+38 -3.4e+38 -3.4e+38 -3.4e+38 -3.4e+38 -3.4e+38 -3.4e+38 -3.4e+38 -3.4e+38 -3.4e+38 -3.4e+38 3234.67724609375 3233.88891601562 3233.42456054688 3232.87426757812 3231.78466796875 3230.55981445312 3229.8408203125 3229.30297851562 3228.85986328125 3228.4755859375 3228.11743164062 3227.66479492188 3227.208984375 3226.87890625 3226.61645507812 3226.46166992188 3226.34619140625 3226.21655273438 3226.1748046875 3226.17431640625 3226.11059570312 3226.10913085938
