MCO_data_requests/covino_4_2_2020/subwatershed_outputs/fool_flow_accumulation_utm_10m.asc
NCOLS 219 
NROWS 456 
XLLCORNER 424681.519902415 
YLLCORNER 4412937.22541033 
CELLSIZE 10 
NODATA_value -3.4e+38 
[rows 264 to 287 of 456, columns 159 to 211 of 219]
18927.693359375 8309.630859375 4333.4619140625 3525.4189453125 3228.041015625 3034.40087890625 2868.82836914062 2658.08544921875 2422.69213867188 2265.83154296875 2187.341796875 2162.294921875 2125.33813476562 2065.65673828125 2033.04638671875 1927.21923828125 1865.54455566406 1775.66259765625 1698.40185546875 1715.43444824219 1697.10290527344 1601.47265625 1542.15417480469 1446.3310546875 1267.40661621094 1194.52709960938 1195.77099609375 1221.35327148438 1304.787109375 1282.94873046875 1100.01550292969 917.354187011719 764.61474609375 618.107482910156 468.369720458984 315.315979003906 118.870803833008 100 509.664764404297 200 -3.4e+38 -3.4e+38 -3.4e+38 -3.4e+38 -3.4e+38 -3.4e+38 -3.4e+38 -3.4e+38 -3.4e+38 -3.4e+38 -3.4e+38 -3.4e+38 -3.4e+38
37483.015625 29287.76171875 16066.29296875 7607.080078125 4600.95458984375 3332.9384765625 2621.93139648438 2357.06665039062 2261.96435546875 2208.4990234375 2092.07202148438 1966.96105957031 1864.30090332031 1760.17077636719 1765.44494628906 1748.86303710938 1658.77685546875 1592.78503417969 1535.01220703125 1459.59118652344 1448.1953125 1432.7978515625 1349.55163574219 1288.59448242188 1220.72912597656 1186.728515625 1127.5234375 1066.05615234375 1038.83471679688 1169.80358886719 1152.62731933594 1010.76135253906 834.690185546875 674.601867675781 546.210083007812 403.896575927734 260.72216796875 232.393737792969 177.271026611328 100 100 -3.4e+38 -3.4e+38 -3.4e+38 -3.4e+38 -3.4e+38 -3.4e+38 -3.4e+38 -3.4e+38 -3.4e+38 -3.4e+38 -3.4e+38 -3.4e+38
32355.654296875 40003.046875 37517.8671875 24929.607421875 12464.3017578125 5957.43798828125 3409.29760742188 2510.23876953125 2087.9794921875 1931.38220214844 1913.08764648438 1810.64318847656 1682.34106445312 1636.80358886719 1603.92016601562 1577.17907714844 1535.40087890625 1473.48962402344 1455.40600585938 1406.54675292969 1365.75439453125 1395.67590332031 1359.21911621094 1293.90979003906 1361.71899414062 1349.13696289062 1211.43188476562 1106.40405273438 1090.44213867188 1090.53430175781 1104.07653808594 1058.01892089844 930.782348632812 768.027282714844 614.725036621094 470.858154296875 331.875671386719 235.47868347168 193.44482421875 100 100 -3.4e+38 -3.4e+38 -3.4e+38 -3.4e+38 -3.4e+38 -3.4e+38 -3.4e+38 -3.4e+38 -3.4e+38 -3.4e+38 -3.4e+38 -3.4e+38
13423.421875 21265.396484375 30501.35546875 36824.890625 33513.6171875 18162.431640625 7130.26806640625 3670.67724609375 2646.4443359375 2111.72705078125 1864.84545898438 1731.87756347656 1578.35095214844 1453.38464355469 1422.70300292969 1428.00793457031 1404.78369140625 1400.90295410156 1404.36267089844 1403.55151367188 1381.44995117188 1396.912109375 1443.35070800781 1442.32043457031 1445.11889648438 1463.96728515625 1386.53271484375 1243.31213378906 1152.64855957031 1042.76062011719 996.576416015625 1015.18109130859 980.136413574219 860.842224121094 699.609741210938 545.881958007812 394.6708984375 252.107360839844 129.284149169922 100 384.04150390625 -3.4e+38 -3.4e+38 -3.4e+38 -3.4e+38 -3.4e+38 -3.4e+38 -3.4e+38 -3.4e+38 -3.4e+38 -3.4e+38 -3.4e+38 -3.4e+38
6483.8076171875 7455.54638671875 12918.07421875 22465.611328125 31256.890625 34144.140625 22759.001953125 9630.109375 3931.53076171875 2636.3828125 1996.05126953125 1776.23962402344 1663.23474121094 1471.0830078125 1320.31103515625 1238.06372070312 1226.91198730469 1241.55859375 1257.44873046875 1257.04016113281 1240.39916992188 1247.16870117188 1297.06213378906 1366.81494140625 1400.21643066406 1418.4716796875 1427.20751953125 1336.115234375 1222.76928710938 1141.70129394531 1061.25378417969 1006.19097900391 961.751770019531 912.628173828125 796.945190429688 641.139099121094 485.377166748047 332.958831787109 175.130493164062 184.041488647461 100 100 -3.4e+38 -3.4e+38 -3.4e+38 -3.4e+38 -3.4e+38 -3.4e+38 -3.4e+38 -3.4e+38 -3.4e+38 -3.4e+38 -3.4e+38
4483.55712890625 5477.71435546875 6460.83447265625 8407.681640625 13435.1396484375 25078.4140625 33301.8671875 27351.767578125 12876.173828125 4065.69213867188 2332.7861328125 1819.30407714844 1693.19360351562 1669.43090820312 1509.67578125 1317.193359375 1277.26416015625 1260.62072753906 1185.61669921875 1157.09033203125 1170.28198242188 1136.45251464844 1135.6181640625 1209.13171386719 1250.58361816406 1266.10888671875 1282.40246582031 1336.40344238281 1311.03491210938 1259.83740234375 1183.0078125 1083.45825195312 1009.70227050781 966.69970703125 886.166198730469 761.131408691406 603.342407226562 434.964752197266 266.158355712891 115.958511352539 100 300 -3.4e+38 -3.4e+38 -3.4e+38 -3.4e+38 -3.4e+38 -3.4e+38 -3.4e+38 -3.4e+38 -3.4e+38 -3.4e+38 -3.4e+38
3305.44091796875 3907.15551757812 4652.91845703125 4923.75341796875 5946.6611328125 9564.845703125 19460.833984375 30902.060546875 31974.939453125 16127.275390625 4541.21630859375 2426.41870117188 2132.71264648438 2078.0927734375 1954.83032226562 1804.51354980469 1673.34704589844 1596.62365722656 1491.79235839844 1406.35803222656 1378.70593261719 1330.32800292969 1286.54077148438 1251.88720703125 1198.12426757812 1163.47424316406 1178.07934570312 1246.48571777344 1250.6435546875 1207.80310058594 1174.64208984375 1113.85815429688 1031.15148925781 972.315673828125 916.496459960938 828.481384277344 695.738830566406 546.280151367188 386.806121826172 210.363052368164 100 100 300 -3.4e+38 -3.4e+38 -3.4e+38 -3.4e+38 -3.4e+38 -3.4e+38 -3.4e+38 -3.4e+38 -3.4e+38 -3.4e+38
2999.65869140625 3175.90551757812 3776.35107421875 4139.51318359375 4408.27880859375 4929.212890625 7544.01611328125 14261.9306640625 26279.0078125 34765.94921875 19494.375 6166.42626953125 3257.47485351562 2550.59985351562 2342.8056640625 2266.05346679688 2134.86889648438 1995.29211425781 1924.28356933594 1832.6171875 1717.26708984375 1673.41955566406 1596.13635253906 1474.68981933594 1368.14770507812 1288.88012695312 1240.87524414062 1201.15075683594 1158.54052734375 1127.50512695312 1086.20458984375 1034.18908691406 975.388793945312 900.118713378906 857.108032226562 814.417907714844 731.227416992188 629.174682617188 514.883544921875 376.137573242188 200.703735351562 100 100 398.424255371094 -3.4e+38 -3.4e+38 -3.4e+38 -3.4e+38 -3.4e+38 -3.4e+38 -3.4e+38 -3.4e+38 -3.4e+38
2849.09545898438 2981.80151367188 3206.89770507812 3468.51342773438 3766.5234375 3985.74072265625 4426.60107421875 5915.37060546875 10108.8583984375 21014.390625 34544.2265625 24152.951171875 7711.0283203125 3313.07153320312 2488.97143554688 2282.69653320312 2187.59130859375 2060.66552734375 1969.775390625 1908.90307617188 1833.91955566406 1805.58508300781 1758.64721679688 1675.80737304688 1588.03942871094 1501.98889160156 1393.96911621094 1277.267578125 1192.55114746094 1150.61145019531 1071.29797363281 1011.08538818359 963.241088867188 893.038818359375 814.694396972656 773.235900878906 733.920166015625 664.85888671875 580.712463378906 480.119934082031 346.345764160156 176.091705322266 198.424270629883 100 -3.4e+38 -3.4e+38 -3.4e+38 -3.4e+38 -3.4e+38 -3.4e+38 -3.4e+38 -3.4e+38 -3.4e+38
2374.11181640625 2428.2587890625 2718.29614257812 2922.890625 3162.76904296875 3536.72436523438 3831.38354492188 4109.966796875 4861.919921875 7718.25927734375 17218.251953125 31718.853515625 27458.744140625 9044.1845703125 3541.7373046875 2600.84399414062 2325.8623046875 2145.59155273438 1988.80419921875 1850.41882324219 1765.36450195312 1729.18225097656 1766.67553710938 1756.6650390625 1674.28625488281 1560.21252441406 1464.37487792969 1364.79821777344 1273.7216796875 1195.04724121094 1124.47790527344 1036.37927246094 961.231628417969 884.391784667969 802.566650390625 747.008056640625 720.913818359375 666.23388671875 589.250793457031 512.690307617188 421.384918212891 300.274505615234 101.575729370117 100 377.699096679688 -3.4e+38 -3.4e+38 -3.4e+38 -3.4e+38 -3.4e+38 -3.4e+38 -3.4e+38 -3.4e+38
2257.92016601562 2199.55493164062 2276.42260742188 2477.2412109375 2676.12451171875 3014.11572265625 3455.583984375 3773.89990234375 3845.88891601562 4244.21240234375 6502.3642578125 13825.2275390625 29234.41796875 28610.7265625 11225.6337890625 4417.12939453125 2889.55517578125 2366.24633789062 2145.080078125 2005.92858886719 1892.79541015625 1812.13586425781 1751.08972167969 1759.24572753906 1708.80712890625 1628.53283691406 1549.00915527344 1448.24450683594 1332.14135742188 1251.52307128906 1163.61999511719 1044.92895507812 933.666809082031 850.250427246094 769.4140625 706.269287109375 669.686584472656 622.618225097656 560.861083984375 483.348358154297 411.866271972656 334.979614257812 232.58642578125 177.699081420898 100 -3.4e+38 -3.4e+38 -3.4e+38 -3.4e+38 -3.4e+38 -3.4e+38 -3.4e+38 -3.4e+38
2671.97216796875 2262.85180664062 2082.48559570312 2127.42895507812 2340.63232421875 2568.42065429688 2908.72241210938 3211.55346679688 3584.05078125 3711.42919921875 4075.90600585938 5300.26171875 10124.4404296875 25591.091796875 29227.521484375 13375.939453125 4784.28466796875 2818.53515625 2383.83032226562 2252.18334960938 2086.0078125 1912.35107421875 1810.36853027344 1726.54382324219 1700.91381835938 1682.86474609375 1669.54895019531 1623.28393554688 1551.61865234375 1399.18115234375 1233.95495605469 1091.17224121094 946.716979980469 824.148559570312 717.842407226562 627.031921386719 576.451721191406 546.810363769531 492.701568603516 430.278930664062 373.607330322266 313.682067871094 262.981811523438 188.324279785156 100 100 -3.4e+38 -3.4e+38 -3.4e+38 -3.4e+38 -3.4e+38 -3.4e+38 -3.4e+38
3624.08984375 2809.556640625 2253.25903320312 2054.87255859375 2095.92163085938 2259.14575195312 2452.208984375 2634.3642578125 2965.18774414062 3543.1533203125 3651.23901367188 3746.26586914062 4289.76220703125 8940.8955078125 21816.30078125 28519.53125 14843.060546875 5214.01806640625 3255.64892578125 2765.43896484375 2371.12060546875 2082.64379882812 1956.3974609375 1853.81884765625 1794.76049804688 1833.15759277344 1791.54833984375 1715.47509765625 1622.9990234375 1534.5654296875 1399.236328125 1232.36010742188 1044.02880859375 870.013977050781 732.627014160156 609.953002929688 512.173156738281 456.882049560547 429.037384033203 378.597106933594 316.474761962891 272.919311523438 242.251937866211 183.86083984375 100 100 -3.4e+38 -3.4e+38 -3.4e+38 -3.4e+38 -3.4e+38 -3.4e+38 -3.4e+38
5527.02734375 3690.28662109375 2926.40942382812 2426.78149414062 2133.86181640625 2059.96752929688 2171.82836914062 2304.93725585938 2493.83520507812 2799.48828125 3404.08813476562 3492.73217773438 3422.45971679688 4108.8193359375 7859.52587890625 19581.28125 29161.224609375 16560.93359375 7148.10546875 4471.67919921875 3476.73950195312 2894.96313476562 2528.89233398438 2285.41918945312 2095.47802734375 1955.24365234375 1844.85803222656 1747.78442382812 1658.5048828125 1580.1123046875 1503.36535644531 1395.01843261719 1220.48583984375 1017.25646972656 856.785034179688 718.779113769531 579.938232421875 505.429351806641 448.845001220703 379.818359375 322.61474609375 272.976379394531 209.951431274414 150.115798950195 100 400.503356933594 200 -3.4e+38 -3.4e+38 -3.4e+38 -3.4e+38 -3.4e+38 -3.4e+38
12942.0849609375 5695.04638671875 3904.99145507812 3107.15576171875 2533.16259765625 2160.82592773438 2079.67236328125 2179.25634765625 2239.31982421875 2398.62158203125 2674.4921875 3149.39965820312 3239.6953125 3322.45971679688 3913.35302734375 5889.25537109375 15875.119140625 27900.3515625 19249.169921875 8963.814453125 5427.16552734375 4029.82861328125 3204.09204101562 2625.77270507812 2252.81420898438 2050.90698242188 1901.87854003906 1762.07922363281 1635.37561035156 1533.7333984375 1459.35485839844 1412.30908203125 1345.15063476562 1184.91943359375 1055.00646972656 936.928283691406 856.851501464844 752.517578125 633.076171875 546.214782714844 472.752227783203 376.915710449219 282.564392089844 165.898376464844 166.480239868164 134.02311706543 100 -3.4e+38 -3.4e+38 -3.4e+38 -3.4e+38 -3.4e+38 -3.4e+38
31473.9921875 14192.8310546875 6068.62353515625 4019.35473632812 3169.5400390625 2617.15844726562 2311.8955078125 2184.62109375 2130.04125976562 2137.73706054688 2285.79614257812 2473.06420898438 2964.06396484375 3151.33349609375 3268.87670898438 3617.75439453125 4542.5712890625 13119.767578125 23479.123046875 19048.751953125 9633.25390625 6157.189453125 4724.79638671875 3579.98046875 3025.931640625 2754.93139648438 2407.18725585938 2064.01513671875 1765.00451660156 1508.81127929688 1306.99255371094 1210.38049316406 1210.14245605469 1243.98620605469 1190.912109375 1127.67504882812 1069.90637207031 976.9375 892.399108886719 802.324279785156 714.551574707031 628.463439941406 518.241516113281 396.178070068359 289.564544677734 198.022323608398 100 100 -3.4e+38 -3.4e+38 -3.4e+38 -3.4e+38 -3.4e+38
14481.611328125 30897.158203125 14604.2373046875 6333.1171875 4263.4501953125 3389.00952148438 2758.39965820312 2327.955078125 2154.92041015625 2008.05432128906 1977.64245605469 2209.4521484375 2422.19189453125 2861.93627929688 2959.80346679688 3135.74609375 3405.359375 4523.53955078125 10662.4453125 21381.478515625 19082.162109375 12303.9638671875 8909.5322265625 6736.119140625 5644.083984375 5043.224609375 4245.72998046875 3272.15502929688 2562.0087890625 2069.99560546875 1636.66479492188 1321.265625 1227.71801757812 1266.79296875 1241.60278320312 1167.17321777344 1047.0654296875 949.014282226562 851.986206054688 759.453002929688 661.4755859375 565.849182128906 472.527709960938 381.288818359375 293.455627441406 204.984756469727 100 100 -3.4e+38 -3.4e+38 -3.4e+38 -3.4e+38 -3.4e+38
4161.25439453125 12020.1328125 28870.58203125 14228.482421875 6848.1787109375 4609.8798828125 3490.14233398438 2763.35864257812 2318.810546875 2066.98046875 1903.86560058594 1906.05529785156 2138.42553710938 2402.2265625 2593.84375 2771.15551757812 3022.10595703125 3382.16748046875 3664.65112304688 7967.48583984375 18098.779296875 21895.685546875 19093.779296875 14227.46875 10926.0771484375 9685.5078125 8305.7939453125 6575.4384765625 5170.61865234375 3941.880859375 2985.73217773438 2302.88452148438 1885.12377929688 1655.65551757812 1500.69226074219 1287.36071777344 1161.61303710938 1046.921875 909.173706054688 805.741394042969 713.408386230469 590.051513671875 483.410400390625 378.610473632812 262.877410888672 162.969818115234 100 352.377136230469 -3.4e+38 -3.4e+38 -3.4e+38 -3.4e+38 -3.4e+38
3053.72729492188 4253.177734375 12153.3388671875 26765.673828125 14342.6220703125 6961.24169921875 4710.5830078125 3650.53442382812 2828.28393554688 2401.35009765625 2148.97241210938 1870.52917480469 1853.04284667969 2084.88061523438 2236.35009765625 2412.228515625 2677.87524414062 3118.224609375 2925.00219726562 2763.73779296875 6207.25341796875 10353.916015625 14731.43359375 18020.2734375 17493.83203125 15041.05078125 13181.3935546875 11364.73046875 9768.2626953125 8467.96484375 6753.9794921875 5217.3388671875 4130.4052734375 3194.11840820312 2177.59594726562 1649.67626953125 1399.02172851562 1229.81237792969 1103.42211914062 948.358337402344 796.364135742188 696.560119628906 572.66650390625 428.774261474609 287.949981689453 154.028289794922 152.377136230469 100 100 -3.4e+38 -3.4e+38 -3.4e+38 -3.4e+38
3146.19555664062 3192.5625 4700.44189453125 12617.99609375 23012.16796875 13548.6845703125 6909.751953125 4976.99462890625 3955.42553710938 3113.28857421875 2558.09155273438 2139.18334960938 1834.71472167969 1811.49047851562 2055.54248046875 2107.04052734375 2420.23974609375 2756.58935546875 2604.10986328125 2769.86108398438 3293.15600585938 3476.28393554688 4258.705078125 6487.34033203125 8666.220703125 10030.142578125 10949.28515625 12094.9248046875 12503.25390625 12325.46484375 11582.6220703125 10526.859375 9282.978515625 8157.2294921875 5938.26806640625 3454.2509765625 2585.19506835938 2143.9072265625 1539.79211425781 1138.67846679688 1010.28326416016 896.940979003906 735.135681152344 537.052124023438 403.511566162109 272.460479736328 147.622863769531 100 368.825256347656 -3.4e+38 -3.4e+38 -3.4e+38 -3.4e+38
3377.6435546875 3336.59716796875 3491.7236328125 4974.7626953125 11962.5947265625 21411.2421875 13667.08203125 7673.0185546875 5321.048828125 4052.810546875 3170.2412109375 2597.08374023438 2098.69067382812 1833.91345214844 1746.63891601562 1939.20690917969 2198.52734375 2359.2236328125 2491.67407226562 2612.61547851562 2972.16162109375 2833.46850585938 2929.12719726562 2886.72875976562 3464.33374023438 3713.92700195312 4573.76513671875 5790.36328125 6680.24755859375 7353.90380859375 8465.2880859375 9227.0595703125 9848.94921875 10140.017578125 10514.73828125 8488.0458984375 6770.80517578125 6616.6572265625 5699.224609375 2769.9560546875 1486.03625488281 1227.43762207031 1011.65979003906 745.795532226562 519.258850097656 342.935974121094 186.648223876953 168.825256347656 100 100 -3.4e+38 -3.4e+38 -3.4e+38
3376.50537109375 3599.94458007812 3459.72338867188 3481.80541992188 4840.66455078125 11354.279296875 19895.4375 15813.234375 8494.8876953125 5337.44921875 4111.015625 3307.4267578125 2602.3974609375 2034.04028320312 1759.49987792969 1717.38916015625 2045.19860839844 2189.05737304688 2067.16552734375 2340.49584960938 2697.07177734375 2697.9296875 2512.46997070312 2731.23095703125 2598.0498046875 2877.15234375 2585.92041015625 2711.2431640625 3086.48486328125 3459.70190429688 3820.26440429688 3953.84521484375 3931.23974609375 4063.57080078125 5218.97314453125 8293.59765625 9295.0283203125 8723.3662109375 8808.8681640625 8713.94921875 5216.19775390625 1928.29321289062 1192.72351074219 928.992370605469 721.255615234375 504.162261962891 283.626953125 131.174743652344 100 376.427459716797 -3.4e+38 -3.4e+38 -3.4e+38
3133.3388671875 3735.14013671875 3552.087890625 3277.62182617188 3687.5087890625 5249.91455078125 9925.9150390625 16826.154296875 15854.1474609375 8543.359375 5448.994140625 4168.935546875 3218.61083984375 2481.07836914062 1989.94482421875 1659.90234375 1825.69079589844 2050.34521484375 1822.26965332031 1976.748046875 2354.9970703125 2404.5927734375 2597.9296875 2540.88989257812 2647.61547851562 2431.958984375 2747.5927734375 2195.38354492188 2170.73486328125 2318.31689453125 2481.41430664062 2710.51977539062 2368.58837890625 2140.9716796875 2096.841796875 2274.494140625 2306.07421875 2142.142578125 2526.185546875 4372.3134765625 7389.251953125 7607.6142578125 1939.0068359375 950.391967773438 753.858276367188 584.191650390625 414.849914550781 189.464920043945 176.427474975586 100 100 -3.4e+38 -3.4e+38
2846.27807617188 3574.9287109375 3615.91870117188 3378.8544921875 3599.07177734375 4409.248046875 4416.6806640625 7028.1005859375 14120.7431640625 15708.447265625 8952.5546875 5444.88037109375 4056.50024414062 3142.22607421875 2438.466796875 1988.69653320312 1738.02795410156 1758.15759277344 1769.92553710938 1715.93188476562 1926.61877441406 2197.21899414062 2400.69213867188 2488.74291992188 2418.21435546875 2661.16333007812 2355.01928710938 2650.20190429688 2014.70361328125 1899.95825195312 1985.22436523438 2134.69018554688 2305.78271484375 1863.79858398438 1785.73168945312 1985.37451171875 1475.7216796875 1068.34289550781 845.680786132812 1371.77087402344 1650.13977050781 2931.22509765625 6431.765625 2015.8095703125 901.607971191406 596.46484375 444.999114990234 333.116577148438 123.572525024414 100 392.162078857422 -3.4e+38 -3.4e+38
