MCO_data_requests/covino_4_2_2020/subwatershed_outputs/fool_flow_accumulation_utm_10m.asc
NCOLS 219 
NROWS 456 
XLLCORNER 424681.519902415 
YLLCORNER 4412937.22541033 
CELLSIZE 10 
NODATA_value -3.4e+38 
[rows 288 to 311 of 456, columns 53 to 105 of 219]
-3.4e+38 -3.4e+38 -3.4e+38 -3.4e+38 -3.4e+38 -3.4e+38 -3.4e+38 -3.4e+38 -3.4e+38 -3.4e+38 -3.4e+38 -3.4e+38 -3.4e+38 -3.4e+38 -3.4e+38 -3.4e+38 -3.4e+38 -3.4e+38 -3.4e+38 -3.4e+38 -3.4e+38 -3.4e+38 -3.4e+38 -3.4e+38 -3.4e+38 -3.4e+38 225.574905395508 301.893646240234 389.283996582031 492.738403320312 551.79736328125 634.332153320312 740.857666015625 791.395263671875 873.470581054688 991.737670898438 1138.54931640625 1240.99279785156 1364.02954101562 1553.83520507812 1725.48461914062 1771.65856933594 1932.05163574219 2225.48559570312 2191.15551757812 3991.98950195312 8965.5634765625 9371.998046875 10463.3525390625 14698.7060546875 16456.080078125 17071.900390625 17587.75390625
-3.4e+38 -3.4e+38 -3.4e+38 -3.4e+38 -3.4e+38 -3.4e+38 -3.4e+38 -3.4e+38 -3.4e+38 -3.4e+38 -3.4e+38 -3.4e+38 -3.4e+38 -3.4e+38 -3.4e+38 -3.4e+38 -3.4e+38 -3.4e+38 -3.4e+38 -3.4e+38 -3.4e+38 -3.4e+38 -3.4e+38 -3.4e+38 -3.4e+38 -3.4e+38 265.22412109375 339.911773681641 436.872100830078 539.156921386719 663.65087890625 746.740356445312 774.857543945312 825.908386230469 949.629089355469 1108.66674804688 1205.26794433594 1312.94104003906 1501.5078125 1642.89965820312 1645.70275878906 1752.31127929688 2056.56127929688 2091.15551757812 2427.04174804688 6722.76708984375 8193.125 7985.77099609375 11017.6845703125 16230.169921875 16986.732421875 17078.59765625 17406.271484375
-3.4e+38 -3.4e+38 -3.4e+38 -3.4e+38 -3.4e+38 -3.4e+38 -3.4e+38 -3.4e+38 -3.4e+38 -3.4e+38 -3.4e+38 -3.4e+38 -3.4e+38 -3.4e+38 -3.4e+38 -3.4e+38 -3.4e+38 -3.4e+38 -3.4e+38 -3.4e+38 -3.4e+38 -3.4e+38 -3.4e+38 -3.4e+38 -3.4e+38 254.964736938477 338.087036132812 418.027770996094 513.703125 604.423156738281 681.630493164062 776.865173339844 841.771606445312 948.784545898438 1066.77307128906 1178.45361328125 1320.71264648438 1459.05847167969 1532.19116210938 1628.43530273438 1796.1806640625 1999.29345703125 2125.052734375 2319.67431640625 4287.0703125 7600.2236328125 6964.08154296875 8185.408203125 11525.5595703125 16310.24609375 17559.9296875 17791.77734375 16959.140625
-3.4e+38 -3.4e+38 -3.4e+38 -3.4e+38 -3.4e+38 -3.4e+38 -3.4e+38 -3.4e+38 -3.4e+38 -3.4e+38 -3.4e+38 -3.4e+38 -3.4e+38 -3.4e+38 -3.4e+38 -3.4e+38 -3.4e+38 -3.4e+38 -3.4e+38 -3.4e+38 -3.4e+38 -3.4e+38 -3.4e+38 -3.4e+38 149.64013671875 234.90461730957 351.343139648438 469.797943115234 579.131958007812 693.552856445312 806.357482910156 900.275512695312 1039.58557128906 1160.84814453125 1261.42102050781 1334.560546875 1442.1552734375 1503.15002441406 1614.46997070312 1815.85119628906 2017.05187988281 2140.50073242188 2363.51806640625 3444.12915039062 5500.14404296875 6363.31396484375 7001.64404296875 8568.126953125 11810.5439453125 17432.646484375 17889.6640625 17989.150390625 16089.25
-3.4e+38 -3.4e+38 -3.4e+38 -3.4e+38 -3.4e+38 -3.4e+38 -3.4e+38 -3.4e+38 -3.4e+38 -3.4e+38 -3.4e+38 -3.4e+38 -3.4e+38 -3.4e+38 -3.4e+38 -3.4e+38 -3.4e+38 -3.4e+38 -3.4e+38 -3.4e+38 -3.4e+38 -3.4e+38 -3.4e+38 -3.4e+38 192.368392944336 310.246795654297 436.341186523438 576.053283691406 698.329956054688 777.335266113281 883.974060058594 1030.19799804688 1142.13488769531 1235.65979003906 1357.05102539062 1416.78442382812 1440.30517578125 1589.21142578125 1715.4384765625 1758.36901855469 1893.81005859375 2232.57641601562 2853.25170898438 3590.73876953125 5324.19091796875 5960.298828125 7317.23046875 9524.5029296875 12470.439453125 17292.677734375 19149.328125 17471.169921875 14670.5751953125
-3.4e+38 -3.4e+38 -3.4e+38 -3.4e+38 -3.4e+38 -3.4e+38 -3.4e+38 -3.4e+38 -3.4e+38 -3.4e+38 -3.4e+38 -3.4e+38 -3.4e+38 -3.4e+38 -3.4e+38 -3.4e+38 -3.4e+38 -3.4e+38 -3.4e+38 -3.4e+38 -3.4e+38 -3.4e+38 -3.4e+38 -3.4e+38 322.507995605469 415.521423339844 505.562194824219 569.765075683594 692.735656738281 835.534545898438 956.924255371094 1026.3623046875 1083.18762207031 1180.75939941406 1273.44555664062 1430.68298339844 1605.03979492188 1689.08898925781 1811.11071777344 1836.48132324219 1967.91687011719 2384.93090820312 2710.4677734375 3839.40502929688 5004.03076171875 6237.7177734375 7853.05712890625 10035.8427734375 13089.4580078125 17741.2109375 19427.125 16555.7421875 13611.7900390625
-3.4e+38 -3.4e+38 -3.4e+38 -3.4e+38 -3.4e+38 -3.4e+38 -3.4e+38 -3.4e+38 -3.4e+38 -3.4e+38 -3.4e+38 -3.4e+38 -3.4e+38 -3.4e+38 -3.4e+38 -3.4e+38 -3.4e+38 -3.4e+38 -3.4e+38 -3.4e+38 -3.4e+38 -3.4e+38 -3.4e+38 -3.4e+38 290.974151611328 414.501434326172 505.561553955078 633.35888671875 728.690307617188 799.603576660156 865.394958496094 957.548645019531 1099.19934082031 1230.58056640625 1395.19763183594 1579.95166015625 1718.91418457031 1847.599609375 1892.53503417969 1986.96362304688 2167.89453125 2295.68041992188 2914.95239257812 4104.7841796875 4329.69482421875 6909.29736328125 8558.5400390625 9794.94921875 13948.9423828125 19666.96484375 18011.6953125 14760.357421875 13236.2841796875
-3.4e+38 -3.4e+38 -3.4e+38 -3.4e+38 -3.4e+38 -3.4e+38 -3.4e+38 -3.4e+38 -3.4e+38 -3.4e+38 -3.4e+38 -3.4e+38 -3.4e+38 -3.4e+38 -3.4e+38 -3.4e+38 -3.4e+38 -3.4e+38 -3.4e+38 -3.4e+38 -3.4e+38 -3.4e+38 -3.4e+38 -3.4e+38 353.009948730469 445.791870117188 548.145080566406 626.423950195312 696.014526367188 790.492126464844 905.634033203125 1073.11767578125 1233.880859375 1364.18518066406 1531.72473144531 1652.54187011719 1763.51354980469 1953.62915039062 2085.09423828125 2240.15844726562 2359.13549804688 2725.89770507812 3507.23803710938 2896.361328125 4520.3603515625 7622.93994140625 8797.03515625 9607.970703125 15040.2509765625 21093.478515625 15829.41015625 13232.96484375 12545.5908203125
-3.4e+38 -3.4e+38 -3.4e+38 -3.4e+38 -3.4e+38 -3.4e+38 -3.4e+38 -3.4e+38 -3.4e+38 -3.4e+38 -3.4e+38 -3.4e+38 -3.4e+38 -3.4e+38 -3.4e+38 -3.4e+38 -3.4e+38 -3.4e+38 -3.4e+38 -3.4e+38 -3.4e+38 -3.4e+38 -3.4e+38 208.608871459961 264.337860107422 352.130065917969 467.745483398438 602.3857421875 715.406677246094 845.732788085938 983.550476074219 1071.07397460938 1154.76904296875 1293.07666015625 1466.49536132812 1625.9365234375 1725.791015625 1795.42517089844 2073.0830078125 2328.19604492188 2611.22216796875 3210.13525390625 2597.10815429688 2847.17822265625 5583.90966796875 7667.666015625 8118.14404296875 10080.72265625 16681.138671875 20424.08984375 13878.22265625 12307.7724609375 11909.537109375
-3.4e+38 -3.4e+38 -3.4e+38 -3.4e+38 -3.4e+38 -3.4e+38 -3.4e+38 -3.4e+38 -3.4e+38 -3.4e+38 -3.4e+38 -3.4e+38 -3.4e+38 -3.4e+38 -3.4e+38 -3.4e+38 -3.4e+38 -3.4e+38 -3.4e+38 -3.4e+38 -3.4e+38 -3.4e+38 -3.4e+38 232.123687744141 363.977630615234 510.787292480469 630.017028808594 698.210693359375 768.468383789062 839.388916015625 914.453430175781 1028.3388671875 1183.48193359375 1333.04174804688 1416.21179199219 1512.55090332031 1709.89038085938 1908.04724121094 2055.8583984375 2291.31640625 2454.35400390625 2437.53784179688 2396.88623046875 3909.38671875 6569.3466796875 6984.09033203125 7677.2177734375 11098.529296875 17799.9765625 18622.21875 12404.205078125 11997 11130.599609375
-3.4e+38 -3.4e+38 -3.4e+38 -3.4e+38 -3.4e+38 -3.4e+38 -3.4e+38 -3.4e+38 -3.4e+38 -3.4e+38 -3.4e+38 -3.4e+38 -3.4e+38 -3.4e+38 -3.4e+38 -3.4e+38 -3.4e+38 -3.4e+38 -3.4e+38 -3.4e+38 -3.4e+38 -3.4e+38 -3.4e+38 182.495269775391 314.444885253906 415.343078613281 485.755828857422 542.860229492188 638.726806640625 776.595336914062 911.391479492188 1078.29479980469 1203.81091308594 1297.26293945312 1340.74279785156 1397.05029296875 1554.1689453125 1731.79565429688 1897.26965332031 1944.08471679688 1881.21984863281 2221.37036132812 2995.98706054688 4987.45751953125 6657.1640625 6543.69677734375 7633.28759765625 11826.1982421875 18817.38671875 16303.970703125 11560.599609375 11678.220703125 10123.1533203125
-3.4e+38 -3.4e+38 -3.4e+38 -3.4e+38 -3.4e+38 -3.4e+38 -3.4e+38 -3.4e+38 -3.4e+38 -3.4e+38 -3.4e+38 -3.4e+38 -3.4e+38 -3.4e+38 -3.4e+38 -3.4e+38 -3.4e+38 -3.4e+38 -3.4e+38 -3.4e+38 -3.4e+38 -3.4e+38 -3.4e+38 193.419235229492 276.259399414062 367.468048095703 474.546905517578 622.190490722656 787.242858886719 928.687194824219 1049.88525390625 1100.45397949219 1157.73413085938 1204.70397949219 1291.06335449219 1384.65466308594 1466.54907226562 1559.77026367188 1647.72448730469 1612.28503417969 1728.6923828125 2501.77734375 3649.546875 5515.0224609375 6004.0771484375 6689.47216796875 7912.908203125 12963.4140625 18611.396484375 14211.90625 10905.236328125 11129.689453125 9744.8818359375
-3.4e+38 -3.4e+38 -3.4e+38 -3.4e+38 -3.4e+38 -3.4e+38 -3.4e+38 -3.4e+38 -3.4e+38 -3.4e+38 -3.4e+38 -3.4e+38 -3.4e+38 -3.4e+38 -3.4e+38 -3.4e+38 -3.4e+38 -3.4e+38 -3.4e+38 -3.4e+38 -3.4e+38 -3.4e+38 -3.4e+38 131.984497070312 240.669128417969 319.262420654297 425.353302001953 564.429809570312 720.87548828125 806.637878417969 897.38818359375 969.928466796875 1022.02319335938 1112.21984863281 1206.57104492188 1276.30249023438 1336.53588867188 1381.28466796875 1410.9638671875 1575.41271972656 1938.26843261719 2778.12890625 4075.76416015625 5037.67724609375 5678.23876953125 7002.10546875 8747.6474609375 14351.5576171875 17010.890625 13109.6787109375 9835.029296875 10575.01953125 9646.533203125
-3.4e+38 -3.4e+38 -3.4e+38 -3.4e+38 -3.4e+38 -3.4e+38 -3.4e+38 -3.4e+38 -3.4e+38 -3.4e+38 -3.4e+38 -3.4e+38 -3.4e+38 -3.4e+38 -3.4e+38 -3.4e+38 -3.4e+38 -3.4e+38 -3.4e+38 -3.4e+38 -3.4e+38 -3.4e+38 -3.4e+38 164.825332641602 123.822631835938 234.750946044922 438.574737548828 583.975280761719 625.520751953125 703.400024414062 793.500793457031 875.786499023438 966.243774414062 1039.17297363281 1094.20373535156 1182.44934082031 1221.47155761719 1291.59790039062 1409.7353515625 1608.15319824219 2027.96704101562 3259.486328125 3897.05859375 4552.68994140625 5758.466796875 7142.08056640625 9389.1376953125 14927.0615234375 16469.677734375 12188.3017578125 8806.62890625 9528.1083984375 9251.3623046875
-3.4e+38 -3.4e+38 -3.4e+38 -3.4e+38 -3.4e+38 -3.4e+38 -3.4e+38 -3.4e+38 -3.4e+38 -3.4e+38 -3.4e+38 -3.4e+38 -3.4e+38 -3.4e+38 -3.4e+38 -3.4e+38 -3.4e+38 -3.4e+38 -3.4e+38 -3.4e+38 -3.4e+38 -3.4e+38 -3.4e+38 -3.4e+38 100.087829589844 298.342132568359 344.743469238281 408.849151611328 480.805145263672 576.076293945312 695.651794433594 800.838256835938 924.304931640625 1032.6826171875 1144.75744628906 1236.20825195312 1315.4013671875 1395.12463378906 1512.24096679688 1648.51721191406 2265.89794921875 3456.3828125 3439.28759765625 4679.1787109375 5677.79296875 7047.13818359375 9954.9912109375 15483.9248046875 16176.0693359375 11014.3046875 7785.56884765625 8511.4638671875 8741.4169921875
-3.4e+38 -3.4e+38 -3.4e+38 -3.4e+38 -3.4e+38 -3.4e+38 -3.4e+38 -3.4e+38 -3.4e+38 -3.4e+38 -3.4e+38 -3.4e+38 -3.4e+38 -3.4e+38 -3.4e+38 -3.4e+38 -3.4e+38 -3.4e+38 -3.4e+38 -3.4e+38 -3.4e+38 -3.4e+38 -3.4e+38 -3.4e+38 190.7314453125 176.695007324219 254.972198486328 341.533172607422 457.451354980469 591.993408203125 668.875671386719 746.597412109375 832.289001464844 980.877380371094 1152.45263671875 1258.17944335938 1398.64660644531 1535.01452636719 1703.78784179688 2081.24609375 2684.72241210938 2813.47827148438 3578.25268554688 4682.580078125 5325.04296875 7217.44921875 10750.0361328125 15608.8837890625 15730.4423828125 9789.3779296875 6454.81396484375 8015.14892578125 8214.0673828125
-3.4e+38 -3.4e+38 -3.4e+38 -3.4e+38 -3.4e+38 -3.4e+38 -3.4e+38 -3.4e+38 -3.4e+38 -3.4e+38 -3.4e+38 -3.4e+38 -3.4e+38 -3.4e+38 -3.4e+38 -3.4e+38 -3.4e+38 -3.4e+38 -3.4e+38 -3.4e+38 -3.4e+38 -3.4e+38 -3.4e+38 -3.4e+38 187.793807983398 135.449035644531 254.245376586914 366.631500244141 480.714599609375 560.045227050781 628.192260742188 730.290100097656 863.244323730469 1012.99029541016 1140.74963378906 1273.46252441406 1437.87878417969 1667.35729980469 2057.09643554688 2438.06201171875 2317.28466796875 2918.8486328125 3811.72900390625 4134.5927734375 5165.59326171875 7787.96484375 11120.2744140625 15204.298828125 15486.8193359375 8361.755859375 5393.14208984375 7572.80712890625 7885.6796875
-3.4e+38 -3.4e+38 -3.4e+38 -3.4e+38 -3.4e+38 -3.4e+38 -3.4e+38 -3.4e+38 -3.4e+38 -3.4e+38 -3.4e+38 -3.4e+38 -3.4e+38 -3.4e+38 -3.4e+38 -3.4e+38 -3.4e+38 -3.4e+38 -3.4e+38 -3.4e+38 -3.4e+38 -3.4e+38 -3.4e+38 -3.4e+38 150.987869262695 138.226348876953 231.821655273438 328.860168457031 417.154266357422 508.975738525391 620.662719726562 764.3095703125 942.117858886719 1071.79467773438 1162.98352050781 1311.10827636719 1524.74389648438 1855.14489746094 2172.08276367188 1937.19958496094 2338.36376953125 3809.86254882812 3578.087890625 3527.32080078125 5161.16259765625 8282.7216796875 11337.306640625 15147.775390625 14125.1083984375 7297.23876953125 4679.73486328125 7192.09814453125 7565.07568359375
-3.4e+38 -3.4e+38 -3.4e+38 -3.4e+38 -3.4e+38 -3.4e+38 -3.4e+38 -3.4e+38 -3.4e+38 -3.4e+38 -3.4e+38 -3.4e+38 -3.4e+38 -3.4e+38 -3.4e+38 -3.4e+38 -3.4e+38 -3.4e+38 -3.4e+38 -3.4e+38 -3.4e+38 -3.4e+38 -3.4e+38 -3.4e+38 -3.4e+38 138.456848144531 214.725067138672 299.076568603516 420.616516113281 526.613830566406 642.616577148438 748.180847167969 856.974304199219 958.109497070312 1097.26977539062 1292.4677734375 1538.04943847656 1847.04956054688 1767.25524902344 1722.06896972656 2766.16943359375 3978.31982421875 3347.02197265625 3370.96362304688 5279.91162109375 8590.703125 11928.0712890625 14849.8017578125 12058.560546875 6248.93310546875 4444.7763671875 7146.56884765625 7112.84619140625
-3.4e+38 -3.4e+38 -3.4e+38 -3.4e+38 -3.4e+38 -3.4e+38 -3.4e+38 -3.4e+38 -3.4e+38 -3.4e+38 -3.4e+38 -3.4e+38 -3.4e+38 -3.4e+38 -3.4e+38 -3.4e+38 -3.4e+38 -3.4e+38 -3.4e+38 -3.4e+38 -3.4e+38 -3.4e+38 -3.4e+38 -3.4e+38 -3.4e+38 126.092514038086 199.527709960938 333.606109619141 406.502868652344 483.305603027344 590.964599609375 684.154724121094 752.274780273438 870.443420410156 1086.98315429688 1325.58349609375 1540.35498046875 1555.34594726562 1514.94604492188 1912.27758789062 3129.06640625 3317.314453125 3058.88232421875 3748.19604492188 5954.68505859375 8669.13671875 12223.73046875 14399.1669921875 10129.4521484375 5066.376953125 4412.2763671875 7104.90478515625 6952.8955078125
-3.4e+38 -3.4e+38 -3.4e+38 -3.4e+38 -3.4e+38 -3.4e+38 -3.4e+38 -3.4e+38 -3.4e+38 -3.4e+38 -3.4e+38 -3.4e+38 -3.4e+38 -3.4e+38 -3.4e+38 -3.4e+38 -3.4e+38 -3.4e+38 -3.4e+38 -3.4e+38 -3.4e+38 -3.4e+38 -3.4e+38 -3.4e+38 -3.4e+38 104.17407989502 240.585510253906 278.542907714844 343.303070068359 448.491333007812 553.80615234375 655.191101074219 741.022033691406 918.39306640625 1128.50280761719 1328.904296875 1376.80444335938 1385.779296875 1420.81811523438 2161.16381835938 2997.12182617188 2854.22241210938 2928.12548828125 4371.4931640625 7012.0361328125 8227.1171875 12758.982421875 13250.4375 8396.3876953125 4220.06787109375 4143.6962890625 7053.40283203125 6873.32666015625
-3.4e+38 -3.4e+38 -3.4e+38 -3.4e+38 -3.4e+38 -3.4e+38 -3.4e+38 -3.4e+38 -3.4e+38 -3.4e+38 -3.4e+38 -3.4e+38 -3.4e+38 -3.4e+38 -3.4e+38 -3.4e+38 -3.4e+38 -3.4e+38 -3.4e+38 -3.4e+38 -3.4e+38 -3.4e+38 -3.4e+38 -3.4e+38 -3.4e+38 -3.4e+38 169.914642333984 240.618774414062 343.179962158203 450.197692871094 565.039184570312 692.110534667969 830.898742675781 989.387023925781 1114.44763183594 1127.96569824219 1139.29077148438 1256.73986816406 1598.89013671875 2277.23193359375 2569.51245117188 2827.703125 3048.62548828125 5102.0400390625 7368.244140625 7966.5830078125 13171.2978515625 11806.3740234375 7028.78662109375 3702.89184570312 3835.494140625 6977.642578125 6572.47607421875
-3.4e+38 -3.4e+38 -3.4e+38 -3.4e+38 -3.4e+38 -3.4e+38 -3.4e+38 -3.4e+38 -3.4e+38 -3.4e+38 -3.4e+38 -3.4e+38 -3.4e+38 -3.4e+38 -3.4e+38 -3.4e+38 -3.4e+38 -3.4e+38 -3.4e+38 -3.4e+38 -3.4e+38 -3.4e+38 -3.4e+38 -3.4e+38 -3.4e+38 -3.4e+38 135.192199707031 244.306823730469 346.293121337891 456.413879394531 596.835876464844 731.636291503906 862.555908203125 938.074584960938 952.31201171875 935.833618164062 1017.07080078125 1334.40783691406 1850.39270019531 2084.8349609375 2342.404296875 2958.60815429688 3491.86889648438 5457.18359375 6707.81689453125 8018.88671875 13007.7099609375 11078.98828125 6070.02197265625 3319.47973632812 3622.90258789062 6656.90087890625 6270.6796875
-3.4e+38 -3.4e+38 -3.4e+38 -3.4e+38 -3.4e+38 -3.4e+38 -3.4e+38 -3.4e+38 -3.4e+38 -3.4e+38 -3.4e+38 -3.4e+38 -3.4e+38 -3.4e+38 -3.4e+38 -3.4e+38 -3.4e+38 -3.4e+38 -3.4e+38 -3.4e+38 -3.4e+38 -3.4e+38 -3.4e+38 -3.4e+38 -3.4e+38 -3.4e+38 145.75569152832 235.355834960938 346.362091064453 471.547607421875 575.871520996094 664.778381347656 769.059631347656 794.777038574219 795.023986816406 840.78466796875 990.444641113281 1670.75952148438 1798.63781738281 1744.23754882812 2452.2490234375 3151.75244140625 4108.7236328125 5246.2099609375 5974.54150390625 7840.7900390625 12608.271484375 10716.8984375 5448.494140625 3036.41528320312 3477.7431640625 6168.6865234375 5980.404296875
