MCO_data_requests/covino_4_2_2020/subwatershed_outputs/fool_dem_utm_10m.asc
NCOLS 219 
NROWS 456 
XLLCORNER 424681.519902415 
YLLCORNER 4412937.22541033 
CELLSIZE 10 
NODATA_value -3.4e+38 
[rows 322 to 344 of 456, columns 159 to 211 of 219]
3220.3603515625 3222.52416992188 3224.34301757812 3226.06591796875 3228.02075195312 3230.2578125 3232.46313476562 3234.5302734375 3237.07104492188 3239.95483398438 3242.826171875 3245.44384765625 3248.18017578125 3250.95678710938 3253.64721679688 3256.306640625 3259.70751953125 3263.666015625 3267.32104492188 3270.48168945312 3273.52514648438 3276.505859375 3279.20556640625 3281.95385742188 3285.02807617188 3288.35205078125 3291.36938476562 3294.1650390625 3296.57666015625 3298.96948242188 3301.42138671875 3304.19140625 3306.99291992188 3309.57495117188 3312.25659179688 3315.46948242188 3318.33862304688 3320.34887695312 3322.00805664062 3323.77709960938 3325.53247070312 3327.2138671875 3329.0693359375 3331.20825195312 3333.2958984375 3335.15551757812 3337.18310546875 3339.54296875 3342.09643554688 3344.56103515625 3347.28564453125 3350.0478515625 3352.56005859375
3222.4814453125 3224.2744140625 3226.03637695312 3227.9658203125 3230.24072265625 3232.75756835938 3235.35986328125 3237.63256835938 3240.35717773438 3243.2587890625 3246.07153320312 3248.65405273438 3251.31811523438 3254.03369140625 3256.70678710938 3259.36010742188 3262.67333984375 3266.54248046875 3269.84692382812 3272.744140625 3275.86962890625 3278.87451171875 3281.61743164062 3284.50634765625 3287.81176757812 3291.42846679688 3294.13159179688 3296.58471679688 3299.13500976562 3301.8837890625 3304.21533203125 3306.70190429688 3309.10009765625 3311.5498046875 3314.23022460938 3317.21630859375 3319.85327148438 3321.85083007812 3323.53247070312 3325.47265625 3327.28344726562 3329.03662109375 3330.95458984375 3333.06201171875 3335.2353515625 3337.1416015625 3339.27490234375 3341.63671875 3344.23120117188 3346.77734375 3349.59643554688 3352.48657226562 3354.83813476562
3224.45043945312 3226.07836914062 3227.78735351562 3229.86987304688 3232.53369140625 3235.39770507812 3238.28930664062 3240.8193359375 3243.77783203125 3246.7294921875 3249.39013671875 3251.95336914062 3254.66845703125 3257.27172851562 3259.7724609375 3262.27270507812 3265.427734375 3269.1669921875 3272.2470703125 3275.04638671875 3278.24047851562 3281.35229492188 3284.14697265625 3287.029296875 3290.39477539062 3293.916015625 3296.46923828125 3298.84838867188 3301.45385742188 3304.24560546875 3306.55615234375 3308.75634765625 3311.06127929688 3313.42919921875 3316.07080078125 3318.8203125 3321.33666992188 3323.45678710938 3325.29052734375 3327.28466796875 3329.22680664062 3331.10278320312 3333.04150390625 3335.1650390625 3337.34399414062 3339.32934570312 3341.50146484375 3343.89721679688 3346.45458984375 3348.9365234375 3351.96069335938 3354.98461914062 3356.97607421875
3226.51123046875 3228.13159179688 3229.73974609375 3231.86083984375 3235.02905273438 3238.31127929688 3241.4248046875 3244.048828125 3247.06713867188 3250.0029296875 3252.71533203125 3255.33447265625 3258.0498046875 3260.54565429688 3262.74340820312 3265.0048828125 3268.0498046875 3271.5439453125 3274.5654296875 3277.57080078125 3280.91137695312 3284.12133789062 3286.83081054688 3289.65502929688 3292.92016601562 3296.25341796875 3298.66479492188 3301.14892578125 3303.73828125 3306.30029296875 3308.64086914062 3310.85913085938 3313.04760742188 3315.28662109375 3317.77124023438 3320.50390625 3322.86743164062 3324.92724609375 3327.03271484375 3329.23754882812 3331.41064453125 3333.291015625 3335.25317382812 3337.42993164062 3339.63525390625 3341.6552734375 3343.86108398438 3346.33129882812 3348.75561523438 3351.099609375 3353.99853515625 3356.76123046875 3358.87719726562
3228.31958007812 3230.04418945312 3231.92944335938 3234.35864257812 3237.84033203125 3241.30444335938 3244.44702148438 3247.22216796875 3250.24169921875 3253.16821289062 3255.89624023438 3258.4853515625 3261.20874023438 3263.63061523438 3265.67553710938 3267.93237304688 3270.9765625 3274.21020507812 3277.126953125 3280.19067382812 3283.5546875 3286.72973632812 3289.33837890625 3292.14404296875 3295.3154296875 3298.4501953125 3300.83813476562 3303.39721679688 3305.97094726562 3308.41284179688 3310.75024414062 3312.96459960938 3315.1318359375 3317.36840820312 3319.75073242188 3322.43139648438 3324.69775390625 3326.69262695312 3328.91943359375 3331.22314453125 3333.42236328125 3335.31005859375 3337.271484375 3339.49267578125 3341.76489257812 3343.82934570312 3346.10791015625 3348.583984375 3350.91333007812 3353.1435546875 3355.87841796875 3358.482421875 3360.91333007812
3229.89624023438 3231.87182617188 3234.47412109375 3237.4443359375 3241.05590820312 3244.49609375 3247.51342773438 3250.31372070312 3253.23779296875 3256.20336914062 3258.92456054688 3261.43579101562 3264.04248046875 3266.4853515625 3268.6044921875 3270.9619140625 3274.08471679688 3277.10717773438 3279.88330078125 3282.86450195312 3286.072265625 3289.17504882812 3291.66137695312 3294.42626953125 3297.5107421875 3300.4658203125 3302.93237304688 3305.53100585938 3308.20166015625 3310.642578125 3312.8232421875 3315.04638671875 3317.28149414062 3319.63403320312 3321.9853515625 3324.65771484375 3327.0458984375 3328.85302734375 3330.79272460938 3333.017578125 3335.22485351562 3337.06787109375 3339.029296875 3341.2587890625 3343.61010742188 3345.76049804688 3348.13012695312 3350.5322265625 3352.81030273438 3355.08056640625 3357.8037109375 3360.46899414062 3363.02905273438
3231.66186523438 3234.40209960938 3238.1572265625 3241.6572265625 3245.193359375 3248.46728515625 3251.3876953125 3253.95922851562 3256.6337890625 3259.50610351562 3262.09326171875 3264.44604492188 3266.93969726562 3269.4345703125 3271.86181640625 3274.34521484375 3277.203125 3279.9208984375 3282.53662109375 3285.37451171875 3288.38842773438 3291.34228515625 3293.88427734375 3296.62426757812 3299.54907226562 3302.34033203125 3304.83520507812 3307.48608398438 3310.24462890625 3312.72802734375 3314.8662109375 3317.15478515625 3319.60522460938 3321.98022460938 3324.279296875 3326.8876953125 3329.2919921875 3330.8916015625 3332.65991210938 3334.689453125 3336.79028320312 3338.57690429688 3340.59155273438 3342.90991210938 3345.3671875 3347.60913085938 3349.94750976562 3352.3935546875 3354.74853515625 3357.3017578125 3360.05932617188 3362.70483398438 3365.140625
3233.96801757812 3238.01098632812 3242.4130859375 3245.93579101562 3249.27270507812 3252.43090820312 3255.18359375 3257.5771484375 3260.16577148438 3262.90405273438 3265.36010742188 3267.5693359375 3269.98876953125 3272.7470703125 3275.41552734375 3277.90966796875 3280.39599609375 3282.64526367188 3285.02416992188 3287.75024414062 3290.5712890625 3293.357421875 3295.94580078125 3298.71044921875 3301.5234375 3304.20361328125 3306.78271484375 3309.57958984375 3312.35815429688 3314.83520507812 3316.99096679688 3319.35693359375 3321.87451171875 3324.23608398438 3326.57495117188 3329.10131835938 3331.15771484375 3332.7197265625 3334.37939453125 3336.25634765625 3338.22509765625 3339.9814453125 3342.08374023438 3344.62646484375 3347.17626953125 3349.4609375 3351.87573242188 3354.4228515625 3356.92431640625 3359.50561523438 3362.25634765625 3364.857421875 3367.06103515625
3237.94677734375 3242.73706054688 3246.77392578125 3249.91552734375 3253.18408203125 3256.3642578125 3258.92309570312 3261.23168945312 3263.82788085938 3266.45288085938 3268.79418945312 3271.11767578125 3273.88403320312 3276.82153320312 3279.3134765625 3281.4921875 3283.63818359375 3285.70458984375 3287.70068359375 3289.94311523438 3292.5830078125 3295.40478515625 3297.99169921875 3300.69604492188 3303.40454101562 3306.11206054688 3308.79028320312 3311.77392578125 3314.70971679688 3317.2001953125 3319.32885742188 3321.71508789062 3324.197265625 3326.48828125 3328.73413085938 3330.93579101562 3332.79809570312 3334.341796875 3335.9189453125 3337.7041015625 3339.58715820312 3341.42895507812 3343.78295898438 3346.45776367188 3349.01171875 3351.31420898438 3353.83740234375 3356.4912109375 3359.12426757812 3361.70385742188 3364.44799804688 3366.92529296875 3369.0048828125
3243.05444335938 3247.16943359375 3250.65673828125 3253.7080078125 3256.96020507812 3260.07641601562 3262.68603515625 3264.958984375 3267.51049804688 3270.17578125 3272.70922851562 3275.34204101562 3278.30224609375 3280.96704101562 3282.98071289062 3284.87548828125 3286.87036132812 3288.80834960938 3290.4619140625 3292.244140625 3294.66748046875 3297.63500976562 3300.18994140625 3302.65795898438 3305.41650390625 3308.3046875 3311.04248046875 3314.06176757812 3317.03515625 3319.50634765625 3321.67016601562 3324.0751953125 3326.53344726562 3328.701171875 3330.71826171875 3332.63793945312 3334.41625976562 3335.91796875 3337.4306640625 3339.13500976562 3341.01025390625 3343.08520507812 3345.68139648438 3348.4345703125 3350.955078125 3353.27490234375 3355.88208007812 3358.6044921875 3361.2646484375 3363.890625 3366.64990234375 3369.0791015625 3371.16162109375
3247.65869140625 3251.197265625 3254.45581054688 3257.45825195312 3260.72924804688 3263.82788085938 3266.45288085938 3268.77294921875 3271.37158203125 3274.1220703125 3276.86303710938 3279.57666015625 3282.25512695312 3284.56005859375 3286.37084960938 3288.18481445312 3290.14282226562 3291.96069335938 3293.53344726562 3295.38598632812 3297.82641601562 3300.48901367188 3302.54248046875 3304.74755859375 3307.65454101562 3310.6923828125 3313.41162109375 3316.37036132812 3319.27587890625 3321.7470703125 3323.99462890625 3326.40649414062 3328.80737304688 3330.7314453125 3332.52368164062 3334.32568359375 3336.04370117188 3337.48974609375 3338.9521484375 3340.59790039062 3342.62524414062 3344.99731445312 3347.7236328125 3350.53125 3353.06811523438 3355.3603515625 3357.9775390625 3360.7314453125 3363.3447265625 3365.9404296875 3368.6748046875 3371.20678710938 3373.37182617188
3251.669921875 3255.12451171875 3258.29150390625 3261.3076171875 3264.82202148438 3267.99438476562 3270.32739257812 3272.5869140625 3275.25659179688 3278.11010742188 3280.71606445312 3283.14379882812 3285.71069335938 3287.9814453125 3289.78466796875 3291.58715820312 3293.470703125 3295.32739257812 3297.10766601562 3299.16333007812 3301.46215820312 3303.6376953125 3305.50512695312 3307.77563476562 3310.63403320312 3313.3896484375 3315.76879882812 3318.65502929688 3321.56005859375 3323.97924804688 3326.20678710938 3328.61157226562 3330.8466796875 3332.55688476562 3334.2138671875 3335.95971679688 3337.58276367188 3338.98754882812 3340.49340820312 3342.31713867188 3344.65478515625 3347.15454101562 3349.94360351562 3352.74096679688 3355.22338867188 3357.47509765625 3360.09326171875 3362.82690429688 3365.37353515625 3367.87133789062 3370.58642578125 3373.19775390625 3375.46166992188
3255.42944335938 3258.88989257812 3262.02514648438 3265.03881835938 3268.49340820312 3271.60473632812 3274.0048828125 3276.31176757812 3278.98901367188 3281.7314453125 3284.11889648438 3286.44458007812 3289.05517578125 3291.44189453125 3293.18823242188 3294.90454101562 3296.88061523438 3298.92724609375 3300.82006835938 3302.90380859375 3305.1123046875 3307.26318359375 3309.34033203125 3311.78979492188 3314.3212890625 3316.47631835938 3318.43627929688 3321.13403320312 3323.98974609375 3326.17651367188 3328.27709960938 3330.61254882812 3332.67236328125 3334.302734375 3335.91577148438 3337.54809570312 3339.04125976562 3340.44409179688 3342.19995117188 3344.427734375 3346.92822265625 3349.451171875 3352.20581054688 3354.89379882812 3357.26196289062 3359.52075195312 3362.1123046875 3364.80859375 3367.29223632812 3369.73999023438 3372.51049804688 3375.15844726562 3377.32250976562
3258.91040039062 3262.3232421875 3265.47143554688 3268.51196289062 3271.86767578125 3274.978515625 3277.52587890625 3279.86645507812 3282.4169921875 3285.01953125 3287.29516601562 3289.62719726562 3292.21533203125 3294.56127929688 3296.32543945312 3298.16186523438 3300.26391601562 3302.4482421875 3304.53393554688 3306.74438476562 3309.13061523438 3311.42626953125 3313.58862304688 3315.92602539062 3318.16333007812 3320.12109375 3322.02368164062 3324.35205078125 3326.6298828125 3328.46118164062 3330.33862304688 3332.4697265625 3334.47924804688 3336.09008789062 3337.60375976562 3339.03393554688 3340.44873046875 3342.0146484375 3344.12890625 3346.6630859375 3349.26513671875 3351.74829101562 3354.38500976562 3356.9091796875 3359.16918945312 3361.41162109375 3363.994140625 3366.6669921875 3369.1044921875 3371.60205078125 3374.4296875 3377.01782226562 3378.86254882812
3262.22143554688 3265.60083007812 3268.79760742188 3271.87377929688 3275.36157226562 3278.5556640625 3280.93579101562 3283.126953125 3285.62963867188 3288.18823242188 3290.41455078125 3292.69116210938 3295.13842773438 3297.35888671875 3299.21923828125 3301.1884765625 3303.39990234375 3305.87670898438 3308.34594726562 3310.95483398438 3313.50048828125 3315.74780273438 3317.82861328125 3320.08276367188 3322.28662109375 3324.20849609375 3326.01611328125 3327.91088867188 3329.5107421875 3330.892578125 3332.57763671875 3334.55932617188 3336.45458984375 3337.90893554688 3339.2802734375 3340.5703125 3342.02392578125 3343.84423828125 3346.21215820312 3348.9033203125 3351.53735351562 3353.8984375 3356.361328125 3358.79125976562 3361.0078125 3363.18994140625 3365.77612304688 3368.44213867188 3370.85595703125 3373.42211914062 3376.2626953125 3378.62158203125 3380.1240234375
3265.50512695312 3268.91455078125 3272.05590820312 3275.1533203125 3278.67163085938 3281.74975585938 3283.9384765625 3286.07543945312 3288.60107421875 3291.1923828125 3293.37475585938 3295.55883789062 3297.88720703125 3300.0751953125 3301.96630859375 3304.12573242188 3306.8544921875 3309.80444335938 3312.65942382812 3315.47827148438 3317.8828125 3320.01684570312 3322.12622070312 3324.50830078125 3326.69189453125 3328.36401367188 3329.73754882812 3331.12768554688 3332.39697265625 3333.6103515625 3335.12158203125 3336.85424804688 3338.46728515625 3339.76391601562 3341.11157226562 3342.50756835938 3344.10791015625 3345.99267578125 3348.44189453125 3351.1376953125 3353.64575195312 3355.849609375 3358.20239257812 3360.57495117188 3362.75537109375 3364.91333007812 3367.48950195312 3370.13793945312 3372.52880859375 3375.09301757812 3377.77001953125 3379.82641601562 3381.17578125
3268.76440429688 3272.111328125 3275.27026367188 3278.32495117188 3281.55737304688 3284.38134765625 3286.60424804688 3288.78784179688 3291.35205078125 3293.97241210938 3296.18212890625 3298.37084960938 3300.69702148438 3302.86279296875 3305.001953125 3307.73999023438 3310.95239257812 3314.18505859375 3317.07739257812 3319.818359375 3322.203125 3324.357421875 3326.52124023438 3328.783203125 3330.5048828125 3331.7275390625 3332.82543945312 3334.017578125 3335.22265625 3336.40283203125 3337.77001953125 3339.2587890625 3340.60278320312 3341.837890625 3343.28881835938 3344.865234375 3346.55786132812 3348.37841796875 3350.72094726562 3353.2978515625 3355.63305664062 3357.71533203125 3360.03271484375 3362.32934570312 3364.40966796875 3366.57348632812 3369.14697265625 3371.76196289062 3374.10327148438 3376.53857421875 3378.86474609375 3380.63256835938 3381.9931640625
3271.88452148438 3275.1962890625 3278.33325195312 3281.23486328125 3284.13623046875 3286.82397460938 3289.06201171875 3291.29174804688 3293.935546875 3296.57080078125 3298.79663085938 3301.103515625 3303.60034179688 3306.18115234375 3308.8583984375 3312.08374023438 3315.45068359375 3318.49194335938 3321.17456054688 3323.90649414062 3326.45776367188 3328.54760742188 3330.28173828125 3332.03857421875 3333.42895507812 3334.48974609375 3335.58129882812 3336.7724609375 3337.97998046875 3339.1455078125 3340.4287109375 3341.79272460938 3343.07543945312 3344.28344726562 3345.78393554688 3347.42236328125 3349.04858398438 3350.73876953125 3352.89111328125 3355.3486328125 3357.57421875 3359.59936523438 3361.85009765625 3364.07885742188 3366.06030273438 3368.21044921875 3370.73486328125 3373.28491210938 3375.53393554688 3377.77001953125 3379.76171875 3381.34326171875 3382.62744140625
3274.63598632812 3278.09814453125 3281.14013671875 3283.796875 3286.595703125 3289.21118164062 3291.44921875 3293.81689453125 3296.53149414062 3299.18481445312 3301.43725585938 3303.89770507812 3306.91650390625 3310.20971679688 3313.31396484375 3316.56860351562 3319.66577148438 3322.48461914062 3325.07885742188 3327.79150390625 3330.13745117188 3331.83618164062 3333.2314453125 3334.68359375 3336.03247070312 3337.12255859375 3338.21435546875 3339.42529296875 3340.69262695312 3341.87524414062 3343.12768554688 3344.46337890625 3345.7578125 3346.98388671875 3348.43627929688 3350.00805664062 3351.52856445312 3353.02294921875 3354.98608398438 3357.3427734375 3359.509765625 3361.50341796875 3363.68774414062 3365.875 3367.7802734375 3369.86840820312 3372.302734375 3374.68969726562 3376.79736328125 3378.82006835938 3380.490234375 3381.97143554688 3383.17602539062
3277.01782226562 3280.45361328125 3283.44921875 3286.15209960938 3289.00048828125 3291.61181640625 3293.94165039062 3296.46142578125 3299.19775390625 3301.83081054688 3304.21411132812 3307.2138671875 3311.01806640625 3314.74755859375 3317.73291015625 3320.70043945312 3323.58251953125 3326.27221679688 3328.6708984375 3330.96362304688 3332.9580078125 3334.46508789062 3335.80200195312 3337.23217773438 3338.5537109375 3339.66967773438 3340.80322265625 3342.08740234375 3343.40625 3344.58715820312 3345.85083007812 3347.18676757812 3348.48852539062 3349.71923828125 3351.08740234375 3352.55224609375 3354.02954101562 3355.4384765625 3357.2646484375 3359.4521484375 3361.47485351562 3363.41259765625 3365.56225585938 3367.70263671875 3369.55590820312 3371.55981445312 3373.84399414062 3376.02416992188 3377.93090820312 3379.64379882812 3381.15356445312 3382.55322265625 3383.66796875
3279.10375976562 3282.58862304688 3285.65454101562 3288.50708007812 3291.39819335938 3294.10302734375 3296.55224609375 3299.16088867188 3301.9306640625 3304.66235351562 3307.46020507812 3311.119140625 3315.318359375 3318.9287109375 3321.68237304688 3324.53051757812 3327.32153320312 3329.6943359375 3331.625 3333.53930664062 3335.39233398438 3336.8857421875 3338.26098632812 3339.73583984375 3341.06909179688 3342.216796875 3343.45263671875 3344.80004882812 3346.10913085938 3347.306640625 3348.60327148438 3349.94970703125 3351.24682617188 3352.40795898438 3353.68090820312 3355.06396484375 3356.51123046875 3357.958984375 3359.720703125 3361.68603515625 3363.48852539062 3365.32763671875 3367.4326171875 3369.47607421875 3371.2890625 3373.20751953125 3375.328125 3377.37963867188 3378.97900390625 3380.37182617188 3381.83666992188 3383.13745117188 3384.13623046875
3281.19067382812 3284.90795898438 3288.07641601562 3290.99487304688 3293.91479492188 3296.72045898438 3299.27807617188 3301.93090820312 3304.7919921875 3307.90087890625 3311.16235351562 3315.07592773438 3319 3322.36157226562 3325.22631835938 3328.05883789062 3330.52221679688 3332.47021484375 3334.13549804688 3335.93286132812 3337.70190429688 3339.16967773438 3340.61596679688 3342.21655273438 3343.67504882812 3344.87817382812 3346.16870117188 3347.54516601562 3348.86645507812 3350.08642578125 3351.3818359375 3352.69482421875 3353.92138671875 3355.015625 3356.24169921875 3357.5927734375 3358.98706054688 3360.42333984375 3362.0595703125 3363.85668945312 3365.53393554688 3367.265625 3369.25390625 3371.20434570312 3372.94506835938 3374.7470703125 3376.73046875 3378.6083984375 3379.92529296875 3381.16870117188 3382.52197265625 3383.66845703125 3384.4501953125
3283.40307617188 3287.40161132812 3290.70385742188 3293.60693359375 3296.46606445312 3299.33203125 3301.9697265625 3304.80029296875 3307.88452148438 3311.3359375 3314.84790039062 3318.5712890625 3322.09643554688 3325.35888671875 3328.30493164062 3331.0009765625 3333.11279296875 3334.8388671875 3336.45141601562 3338.22680664062 3339.94262695312 3341.41967773438 3342.93115234375 3344.63330078125 3346.23803710938 3347.556640625 3348.9208984375 3350.34619140625 3351.673828125 3352.85571289062 3354.08251953125 3355.28833007812 3356.42846679688 3357.49780273438 3358.75 3360.1416015625 3361.49462890625 3362.84350585938 3364.34008789062 3365.97485351562 3367.54858398438 3369.1884765625 3371.0498046875 3372.91015625 3374.521484375 3376.20458984375 3378.04736328125 3379.6123046875 3380.73486328125 3381.94970703125 3383.19116210938 3384.12939453125 3384.68286132812
