MCO_data_requests/covino_4_2_2020/subwatershed_outputs/fool_flow_accumulation_utm_10m.asc
NCOLS 219 
NROWS 456 
XLLCORNER 424681.519902415 
YLLCORNER 4412937.22541033 
CELLSIZE 10 
NODATA_value -3.4e+38 
[rows 48 to 71 of 456, columns 53 to 105 of 219]
11695.8408203125 11680.564453125 12363.8857421875 11575.7734375 7629.17578125 3892.8935546875 2491.69702148438 2235.447265625 2018.42541503906 1834.361328125 1623.81457519531 1376.10180664062 1191.30334472656 1222.517578125 1024.10913085938 892.559692382812 960.391906738281 890.895446777344 816.629028320312 720.21044921875 979.425231933594 1225.87963867188 1435.91918945312 1534.60998535156 1210.21875 1179.42419433594 1164.06396484375 1365.27954101562 -3.4e+38 -3.4e+38 -3.4e+38 -3.4e+38 -3.4e+38 -3.4e+38 -3.4e+38 -3.4e+38 -3.4e+38 -3.4e+38 -3.4e+38 -3.4e+38 -3.4e+38 -3.4e+38 -3.4e+38 -3.4e+38 -3.4e+38 -3.4e+38 -3.4e+38 -3.4e+38 -3.4e+38 -3.4e+38 -3.4e+38 -3.4e+38 -3.4e+38
4485.376953125 5217.64013671875 6171.39501953125 9081.6650390625 11556.4775390625 10538.59375 6195.8330078125 3072.47485351562 2219.34814453125 2072.63208007812 1936.46337890625 1808.18212890625 1767.33288574219 1622.74230957031 1473.35144042969 1619.24768066406 1522.54455566406 1346.77282714844 1178.69287109375 902.770324707031 747.559143066406 878.637878417969 1245.20483398438 1636.55725097656 1359.57995605469 1015.39074707031 1009.33483886719 1221.98547363281 1205.32397460938 -3.4e+38 -3.4e+38 -3.4e+38 -3.4e+38 -3.4e+38 -3.4e+38 -3.4e+38 -3.4e+38 -3.4e+38 -3.4e+38 -3.4e+38 -3.4e+38 -3.4e+38 -3.4e+38 -3.4e+38 -3.4e+38 -3.4e+38 -3.4e+38 -3.4e+38 -3.4e+38 -3.4e+38 -3.4e+38 -3.4e+38 -3.4e+38
1239.28833007812 1411.53967285156 1697.75659179688 2303.0791015625 4129.34619140625 7304.412109375 11353.13671875 11684.115234375 8673.306640625 7994.056640625 7903.8583984375 7376.97607421875 6532.96337890625 5682.89501953125 4559.2548828125 3228.2275390625 2284.91162109375 1718.69873046875 1346.07995605469 1086.63220214844 699.464111328125 636.999816894531 887.644958496094 1434.62548828125 1567.73010253906 1100.82580566406 867.2314453125 1018.53363037109 964.847473144531 1149.39318847656 -3.4e+38 -3.4e+38 -3.4e+38 -3.4e+38 -3.4e+38 -3.4e+38 -3.4e+38 -3.4e+38 -3.4e+38 -3.4e+38 -3.4e+38 -3.4e+38 -3.4e+38 -3.4e+38 -3.4e+38 -3.4e+38 -3.4e+38 -3.4e+38 -3.4e+38 -3.4e+38 -3.4e+38 -3.4e+38 -3.4e+38
537.144775390625 525.038452148438 551.91650390625 1344.54638671875 2276.38940429688 1550.025390625 1734.30322265625 3554.81176757812 5547.0625 5089.861328125 4345.4970703125 4022.42651367188 3706.50561523438 3265.2607421875 2790.87646484375 2196.61254882812 1727.85754394531 1412.60034179688 1087.98303222656 1029.99938964844 870.482666015625 595.62451171875 637.742797851562 1015.29095458984 1442.55920410156 1333.56884765625 902.814025878906 866.241333007812 736.102355957031 839.157470703125 1353.31884765625 -3.4e+38 -3.4e+38 -3.4e+38 -3.4e+38 -3.4e+38 -3.4e+38 -3.4e+38 -3.4e+38 -3.4e+38 -3.4e+38 -3.4e+38 -3.4e+38 -3.4e+38 -3.4e+38 -3.4e+38 -3.4e+38 -3.4e+38 -3.4e+38 -3.4e+38 -3.4e+38 -3.4e+38 -3.4e+38
336.602111816406 264.935150146484 272.412872314453 648.951599121094 1847.35888671875 1646.39929199219 782.095764160156 633.877563476562 1357.5263671875 1320.17932128906 1150.71875 1000.71905517578 942.434692382812 930.66845703125 1037.80187988281 1116.73681640625 1056.35925292969 921.128051757812 914.671325683594 766.757141113281 838.684265136719 776.335327148438 591.581665039062 669.733032226562 1075.21948242188 1360.359375 1013.85571289062 892.3515625 612.495544433594 568.348205566406 986.782104492188 1633.11157226562 -3.4e+38 -3.4e+38 -3.4e+38 -3.4e+38 -3.4e+38 -3.4e+38 -3.4e+38 -3.4e+38 -3.4e+38 -3.4e+38 -3.4e+38 -3.4e+38 -3.4e+38 -3.4e+38 -3.4e+38 -3.4e+38 -3.4e+38 -3.4e+38 -3.4e+38 -3.4e+38 -3.4e+38
282.566680908203 233.204940795898 178.070297241211 383.115783691406 1038.02062988281 1687.65148925781 990.402526855469 615.083068847656 571.7587890625 638.507019042969 659.644714355469 637.345947265625 562.806701660156 465.632629394531 518.781921386719 688.099182128906 747.607116699219 730.059936523438 591.867614746094 685.958862304688 666.757141113281 751.468139648438 741.186950683594 557.95751953125 704.612365722656 1192.07897949219 992.58935546875 966.685363769531 616.262512207031 439.765258789062 604.7236328125 1297.23840332031 1581.16918945312 -3.4e+38 -3.4e+38 -3.4e+38 -3.4e+38 -3.4e+38 -3.4e+38 -3.4e+38 -3.4e+38 -3.4e+38 -3.4e+38 -3.4e+38 -3.4e+38 -3.4e+38 -3.4e+38 -3.4e+38 -3.4e+38 -3.4e+38 -3.4e+38 -3.4e+38 -3.4e+38
242.892272949219 186.283493041992 145.559432983398 264.873870849609 602.415466308594 1236.11303710938 1073.15075683594 631.708679199219 535.460876464844 475.606384277344 438.06298828125 421.200622558594 444.842010498047 407.355682373047 400.481262207031 455.018859863281 537.276977539062 537.160583496094 530.923583984375 491.867645263672 604.698974609375 646.523010253906 688.882141113281 649.975280761719 663.036315917969 789.678466796875 893.740844726562 936.830505371094 718.403442382812 455.03173828125 419.737609863281 719.787719726562 1437.63842773438 1299.48095703125 -3.4e+38 -3.4e+38 -3.4e+38 -3.4e+38 -3.4e+38 -3.4e+38 -3.4e+38 -3.4e+38 -3.4e+38 -3.4e+38 -3.4e+38 -3.4e+38 -3.4e+38 -3.4e+38 -3.4e+38 -3.4e+38 -3.4e+38 -3.4e+38 -3.4e+38
215.418243408203 157.163650512695 138.328826904297 171.906387329102 405.466461181641 806.558410644531 830.085876464844 614.583557128906 565.964477539062 469.04345703125 374.790069580078 336.782470703125 351.383605957031 398.285400390625 367.234252929688 324.769439697266 317.5537109375 414.474975585938 437.160583496094 430.923614501953 466.070404052734 534.556213378906 591.213256835938 617.482971191406 597.267272949219 652.185913085938 707.944702148438 827.404052734375 767.835021972656 575.315002441406 414.329467773438 391.616394042969 799.858154296875 1456.36743164062 1069.296875 -3.4e+38 -3.4e+38 -3.4e+38 -3.4e+38 -3.4e+38 -3.4e+38 -3.4e+38 -3.4e+38 -3.4e+38 -3.4e+38 -3.4e+38 -3.4e+38 -3.4e+38 -3.4e+38 -3.4e+38 -3.4e+38 -3.4e+38 -3.4e+38
300.894439697266 223.371856689453 153.581314086914 111.365577697754 236.358642578125 532.194396972656 559.594177246094 504.368438720703 477.093017578125 452.888214111328 412.082336425781 349.992797851562 379.971252441406 388.648895263672 370.570129394531 317.956787109375 235.39306640625 210.133407592773 376.887451171875 434.35888671875 372.165466308594 383.471984863281 435.208312988281 494.390289306641 512.721496582031 534.023803710938 592.318786621094 629.842468261719 707.332824707031 675.662048339844 599.290222167969 301.818023681641 373.592224121094 1111.55358886719 1325.20458984375 474.673950195312 -3.4e+38 -3.4e+38 -3.4e+38 -3.4e+38 -3.4e+38 -3.4e+38 -3.4e+38 -3.4e+38 -3.4e+38 -3.4e+38 -3.4e+38 -3.4e+38 -3.4e+38 -3.4e+38 -3.4e+38 -3.4e+38 -3.4e+38
346.492797851562 285.697875976562 261.682800292969 268.150604248047 239.39826965332 330.664398193359 489.677917480469 468.589416503906 456.734130859375 402.477081298828 446.818481445312 460.954803466797 397.469329833984 351.537384033203 324.29296875 329.278259277344 355.512878417969 322.133361816406 280.834838867188 325.466827392578 339.085998535156 267.56689453125 307.442169189453 421.909240722656 513.791564941406 509.939392089844 480.548919677734 523.176879882812 580.226013183594 673.977783203125 613.956909179688 528.10302734375 304.78369140625 698.995727539062 1125.40148925781 733.731262207031 215.694610595703 -3.4e+38 -3.4e+38 -3.4e+38 -3.4e+38 -3.4e+38 -3.4e+38 -3.4e+38 -3.4e+38 -3.4e+38 -3.4e+38 -3.4e+38 -3.4e+38 -3.4e+38 -3.4e+38 -3.4e+38 -3.4e+38
690.58935546875 621.050598144531 612.463195800781 648.284545898438 842.465393066406 859.770874023438 436.784729003906 552.419311523438 608.224304199219 696.37841796875 677.980834960938 640.367858886719 626.423278808594 563.998718261719 503.133148193359 457.610931396484 408.701049804688 429.311462402344 441.502655029297 418.630218505859 421.676300048828 427.361968994141 399.093780517578 394.335021972656 451.168334960938 556.083984375 558.557373046875 569.114196777344 583.505981445312 596.072326660156 630.271606445312 578.558715820312 518.443786621094 455.072692871094 785.03515625 788.128967285156 477.421417236328 161.515106201172 -3.4e+38 -3.4e+38 -3.4e+38 -3.4e+38 -3.4e+38 -3.4e+38 -3.4e+38 -3.4e+38 -3.4e+38 -3.4e+38 -3.4e+38 -3.4e+38 -3.4e+38 -3.4e+38 -3.4e+38
1969305.875 294025.03125 22051.48828125 25263.8046875 31347.541015625 27053.24609375 5251.0712890625 733.251159667969 655.797973632812 590.289123535156 566.612915039062 574.163513183594 525.249084472656 538.908020019531 557.904113769531 577.094482421875 604.364074707031 523.441650390625 442.172668457031 475.776000976562 531.870727539062 494.404266357422 546.750061035156 693.274963378906 714.854614257812 710.736999511719 801.480590820312 792.326965332031 719.531799316406 696.654052734375 703.447265625 630.006958007812 553.187683105469 504.105651855469 597.033203125 547.623474121094 614.350524902344 326.867034912109 100 -3.4e+38 -3.4e+38 -3.4e+38 -3.4e+38 -3.4e+38 -3.4e+38 -3.4e+38 -3.4e+38 -3.4e+38 -3.4e+38 -3.4e+38 -3.4e+38 -3.4e+38 -3.4e+38
1372542.625 3042460.25 2997291 1823257.75 879817.375 389976.03125 196083.125 31478.89453125 909.892456054688 768.560852050781 676.364929199219 644.039001464844 630.487487792969 629.607177734375 604.452819824219 530.942932128906 417.048492431641 347.515472412109 354.402740478516 328.783599853516 260.660278320312 470.838500976562 531.749267578125 503.818115234375 654.196228027344 758.322692871094 709.065124511719 737.75439453125 800.5927734375 772.8994140625 754.4599609375 723.919128417969 610.306457519531 520.661010742188 468.611572265625 465.531982421875 443.648132324219 523.615600585938 202.35302734375 191.933959960938 -3.4e+38 -3.4e+38 -3.4e+38 -3.4e+38 -3.4e+38 -3.4e+38 -3.4e+38 -3.4e+38 -3.4e+38 -3.4e+38 -3.4e+38 -3.4e+38 -3.4e+38
6408.12890625 1744.11791992188 316680.53125 1484967.5 2361621.75 2205290.25 1582995.875 991940.9375 313144.4375 988.579956054688 851.837463378906 779.484375 720.110961914062 615.941467285156 497.686828613281 407.417633056641 363.206024169922 361.297393798828 350.054595947266 334.203033447266 463.031066894531 424.147979736328 679.781494140625 864.061645507812 848.491943359375 906.515197753906 1110.33935546875 1181.24060058594 1164.25793457031 1093.783203125 1003.20977783203 923.171508789062 807.090942382812 677.973022460938 521.261596679688 507.46630859375 494.554382324219 372.97119140625 423.615600585938 111.751068115234 100 -3.4e+38 -3.4e+38 -3.4e+38 -3.4e+38 -3.4e+38 -3.4e+38 -3.4e+38 -3.4e+38 -3.4e+38 -3.4e+38 -3.4e+38 -3.4e+38
6199.291015625 1268.97338867188 1366.20434570312 1672.78137207031 59708.05078125 706888 1540656 2295745 2857755 1778373 682583.5 10587.02734375 869.587341308594 648.370361328125 531.302062988281 483.281646728516 439.451599121094 437.547241210938 434.203063964844 558.396728515625 531.598327636719 779.781494140625 923.30224609375 818.783081054688 715.8583984375 701.895874023438 907.262451171875 1014.07220458984 980.604370117188 993.6357421875 1096.15893554688 1243.40014648438 1370.08264160156 1218.97119140625 772.045288085938 562.097900390625 495.992523193359 468.369201660156 379.728454589844 364.429138183594 180.385833740234 119.614158630371 -3.4e+38 -3.4e+38 -3.4e+38 -3.4e+38 -3.4e+38 -3.4e+38 -3.4e+38 -3.4e+38 -3.4e+38 -3.4e+38 -3.4e+38
6486.5859375 1063.85620117188 1055.76892089844 1277.34802246094 1585.44165039062 2858.84106445312 3896.220703125 4360.8720703125 147005.171875 1534262.375 2626394.25 3294895 2358960.75 842.05810546875 633.5400390625 592.535522460938 569.840881347656 534.203063964844 658.396728515625 606.492126464844 874.809631347656 1023.30224609375 719.831604003906 591.774353027344 759.59521484375 1133.92761230469 946.108154296875 880.952087402344 940.261169433594 910.156616210938 865.744018554688 864.208312988281 927.033325195312 1141.84790039062 1293.39489746094 784.924011230469 556.607177734375 545.896179199219 443.158813476562 370.253295898438 307.189788818359 100 100 -3.4e+38 -3.4e+38 -3.4e+38 -3.4e+38 -3.4e+38 -3.4e+38 -3.4e+38 -3.4e+38 -3.4e+38 -3.4e+38
8390.658203125 980.364807128906 937.762756347656 1206.07385253906 1164.54797363281 2322.95874023438 3322.87719726562 4150.435546875 3860.0498046875 3207.78857421875 2705.466796875 2869.81396484375 944632.25 3298762.5 1688792 657.025451660156 728.144714355469 779.029296875 706.492126464844 974.809631347656 1119.5302734375 819.831665039062 666.040588378906 791.757507324219 1356.41540527344 979.28955078125 802.983215332031 813.655883789062 733.866088867188 686.990661621094 602.157043457031 492.087036132812 436.157501220703 508.452606201172 751.742248535156 1005.80694580078 655.590087890625 448.883758544922 377.480255126953 272.892578125 227.492660522461 207.18977355957 100 -3.4e+38 -3.4e+38 -3.4e+38 -3.4e+38 -3.4e+38 -3.4e+38 -3.4e+38 -3.4e+38 -3.4e+38 -3.4e+38
16313.607421875 1200.58801269531 538.409301757812 1595.00402832031 892.884704589844 1936.08544921875 3151.75732421875 4238.14013671875 3779.25146484375 3005.19946289062 2570.2509765625 2686.50122070312 2650.93237304688 2126.1171875 1609479.125 3294212.5 3285630.75 1226.44445800781 1096.25354003906 1255.11535644531 919.831665039062 671.269775390625 913.522888183594 1583.88427734375 962.297912597656 801.67724609375 838.841796875 689.442260742188 533.393188476562 431.619598388672 376.466339111328 325.282867431641 255.319854736328 186.872909545898 240.260269165039 438.690185546875 621.059020996094 444.859802246094 306.327758789062 257.907287597656 175.484497070312 232.090515136719 100 -3.4e+38 -3.4e+38 -3.4e+38 -3.4e+38 -3.4e+38 -3.4e+38 -3.4e+38 -3.4e+38 -3.4e+38 -3.4e+38
33584.14453125 7226.6572265625 1443.72277832031 694.066528320312 1973.14868164062 1511.88500976562 2915.8544921875 4256.083984375 3805.96044921875 3103.82543945312 2619.18701171875 2767.32397460938 2575.87109375 1693.60729980469 2288.79541015625 3885.0380859375 5247.7822265625 3283769.25 3277156.75 3267582 1074.18188476562 884.222961425781 1634.61401367188 1210.75793457031 791.416748046875 977.500366210938 851.400207519531 553.112487792969 426.143463134766 384.347442626953 414.439666748047 439.022308349609 376.055755615234 293.189819335938 249.550872802734 245.867156982422 391.517028808594 436.396850585938 359.399688720703 245.11833190918 183.635940551758 181.846374511719 100 -3.4e+38 -3.4e+38 -3.4e+38 -3.4e+38 -3.4e+38 -3.4e+38 -3.4e+38 -3.4e+38 -3.4e+38 -3.4e+38
11974.5576171875 30735.75390625 10802.978515625 4475.4716796875 2886.0048828125 2908.87084960938 2708.47485351562 4243.3017578125 3848.07958984375 3103.4462890625 2631.43383789062 3018.71997070312 2662.92333984375 1722.79565429688 2305.8623046875 3885.20727539062 4467.140625 4994.037109375 5524.0576171875 4752.70263671875 3265001.25 3260222 3254029.25 2174.3779296875 1683.85412597656 1092.919921875 664.816711425781 534.205322265625 487.966979980469 526.622802734375 519.819580078125 440.937713623047 400.382141113281 370.827545166016 283.504791259766 213.886810302734 184.916290283203 274.193054199219 261.080841064453 245.229553222656 178.779632568359 132.930191040039 100 -3.4e+38 -3.4e+38 -3.4e+38 -3.4e+38 -3.4e+38 -3.4e+38 -3.4e+38 -3.4e+38 -3.4e+38 -3.4e+38
4795.90380859375 11161.0029296875 24315.91796875 16065.20703125 8187.6923828125 5521.88720703125 3782.90869140625 4121.099609375 3958.41748046875 3500.95483398438 2485.23608398438 3097.19018554688 2759.71240234375 2349.66723632812 2515.34985351562 4771.06103515625 4473.7841796875 4801.35693359375 5053.25927734375 4066.20751953125 3073.15234375 2415.25903320312 2884.44311523438 3250830 1968.34375 803.407592773438 676.997253417969 667.831115722656 663.80126953125 606.553527832031 518.606872558594 448.336853027344 398.324005126953 353.018463134766 405.497802734375 399.024505615234 360.508026123047 331.511840820312 315.996276855469 211.276748657227 178.664779663086 104.528343200684 100 -3.4e+38 -3.4e+38 -3.4e+38 -3.4e+38 -3.4e+38 -3.4e+38 -3.4e+38 -3.4e+38 -3.4e+38 -3.4e+38
3542.65063476562 5567.98486328125 8887.4326171875 14567.833984375 15132.8154296875 8254.779296875 5845.1650390625 4476.10107421875 3825.58520507812 3670.87109375 3029.48120117188 2802.51391601562 3537.5908203125 2555.517578125 3548.60107421875 5554.03759765625 5510.21826171875 4896.2421875 4503.953125 3119.892578125 2470.57373046875 2262.41455078125 2622.171875 11019.5029296875 3236644.25 1690.78540039062 871.648864746094 763.901794433594 691.329895019531 597.621765136719 574.138488769531 522.505920410156 461.390350341797 415.145202636719 329.490051269531 373.716827392578 369.536468505859 302.743774414062 276.002593994141 205.586624145508 118.474456787109 100 300 -3.4e+38 -3.4e+38 -3.4e+38 -3.4e+38 -3.4e+38 -3.4e+38 -3.4e+38 -3.4e+38 -3.4e+38 -3.4e+38
3358.46875 4061.04321289062 5299.9833984375 5527.1630859375 7673.10498046875 11488.4716796875 7660.1708984375 6279.673828125 5506.5615234375 3994.90161132812 3570.87109375 3160.49536132812 3888.36450195312 4088.4697265625 3837.7880859375 6052.869140625 5912.4833984375 4692.83740234375 4054.92016601562 3380.85131835938 2367.8515625 2168.68212890625 2498.11669921875 2594.94921875 46053.27734375 3196766.25 1888.76538085938 902.211181640625 721.04052734375 722.129333496094 663.420654296875 590.716735839844 512.026977539062 475.989135742188 492.968231201172 402.190826416016 316.571807861328 273.730560302734 198.687225341797 174.801986694336 127.958930969238 100 100 300 -3.4e+38 -3.4e+38 -3.4e+38 -3.4e+38 -3.4e+38 -3.4e+38 -3.4e+38 -3.4e+38 -3.4e+38
3134.17846679688 3298.45043945312 3851.69677734375 4242.1328125 3945.20727539062 6947.66162109375 11316.1357421875 7931.72509765625 6668.11083984375 5877.955078125 4996.0283203125 3725.10864257812 4023.14331054688 4837.00390625 5218.927734375 6373.705078125 6829.29150390625 4170.93017578125 4131.7607421875 3335.9013671875 2089.43432617188 2105.3740234375 2256.80615234375 2026.16162109375 2304.87353515625 93424.9765625 3145241.5 2077.67016601562 1096.36950683594 823.811462402344 718.645751953125 658.573425292969 606.983825683594 546.752319335938 424.519073486328 319.850982666016 311.503326416016 260.772491455078 300.328887939453 254.435272216797 178.18017578125 100 100 100 300 -3.4e+38 -3.4e+38 -3.4e+38 -3.4e+38 -3.4e+38 -3.4e+38 -3.4e+38 -3.4e+38
