MCO_data_requests/covino_4_2_2020/subwatershed_outputs/fool_dem_utm_10m.asc
NCOLS 219 
NROWS 456 
XLLCORNER 424681.519902415 
YLLCORNER 4412937.22541033 
CELLSIZE 10 
NODATA_value -3.4e+38 
[rows 230 to 252 of 456, columns 159 to 211 of 219]
3086.5849609375 3087.61499023438 3088.77465820312 3089.92431640625 3091.10571289062 3092.537109375 3093.9970703125 3095.4521484375 3097.00415039062 3098.9189453125 3100.93872070312 3102.72192382812 3104.49877929688 3106.47241210938 3108.47485351562 3110.38598632812 3112.65893554688 3115.18920898438 3117.6259765625 3119.76538085938 3122.1083984375 3124.62426757812 3127.10595703125 3129.43310546875 3132.02368164062 3134.51831054688 3136.54663085938 3138.3505859375 3140.337890625 3142.24047851562 3143.82299804688 3145.37744140625 3147.04272460938 3148.40380859375 3149.357421875 -3.4e+38 -3.4e+38 -3.4e+38 -3.4e+38 -3.4e+38 -3.4e+38 -3.4e+38 -3.4e+38 -3.4e+38 -3.4e+38 -3.4e+38 -3.4e+38 -3.4e+38 -3.4e+38 -3.4e+38 -3.4e+38 -3.4e+38 -3.4e+38
3088.369140625 3089.39477539062 3090.5009765625 3091.6318359375 3092.767578125 3094.09545898438 3095.50537109375 3096.8359375 3098.29760742188 3100.34643554688 3102.4287109375 3104.17578125 3105.8955078125 3107.76806640625 3109.748046875 3111.75170898438 3114.13452148438 3116.70556640625 3119.1494140625 3121.34448242188 3123.77880859375 3126.37280273438 3128.86254882812 3131.19775390625 3133.7099609375 3135.990234375 3137.89501953125 3139.69506835938 3141.6513671875 3143.49072265625 3145.07592773438 3146.70166015625 3148.40112304688 3149.7890625 3150.74096679688 -3.4e+38 -3.4e+38 -3.4e+38 -3.4e+38 -3.4e+38 -3.4e+38 -3.4e+38 -3.4e+38 -3.4e+38 -3.4e+38 -3.4e+38 -3.4e+38 -3.4e+38 -3.4e+38 -3.4e+38 -3.4e+38 -3.4e+38 -3.4e+38
3090.24609375 3091.27294921875 3092.33618164062 3093.36157226562 3094.39477539062 3095.65600585938 3097.01879882812 3098.40673828125 3099.92504882812 3101.9140625 3104.00268554688 3105.73828125 3107.44213867188 3109.248046875 3111.20458984375 3113.28271484375 3115.69995117188 3118.28662109375 3120.72802734375 3122.97875976562 3125.50732421875 3128.1357421875 3130.60766601562 3132.9228515625 3135.29223632812 3137.39868164062 3139.27490234375 3141.02685546875 3142.93139648438 3144.73950195312 3146.33715820312 3148.06225585938 3149.86083984375 3151.36938476562 3152.60620117188 -3.4e+38 -3.4e+38 -3.4e+38 -3.4e+38 -3.4e+38 -3.4e+38 -3.4e+38 -3.4e+38 -3.4e+38 -3.4e+38 -3.4e+38 -3.4e+38 -3.4e+38 -3.4e+38 -3.4e+38 -3.4e+38 -3.4e+38 -3.4e+38
3092.12866210938 3093.11767578125 3094.17163085938 3095.12915039062 3096.03344726562 3097.21557617188 3098.65185546875 3100.15991210938 3101.765625 3103.6865234375 3105.6748046875 3107.40698242188 3109.123046875 3110.96020507812 3112.95361328125 3115.01953125 3117.41943359375 3119.95971679688 3122.38330078125 3124.65014648438 3127.23901367188 3129.90258789062 3132.33911132812 3134.52685546875 3136.7275390625 3138.8076171875 3140.64721679688 3142.3359375 3144.17700195312 3145.99926757812 3147.6708984375 3149.51977539062 3151.49975585938 3153.24780273438 3154.76342773438 -3.4e+38 -3.4e+38 -3.4e+38 -3.4e+38 -3.4e+38 -3.4e+38 -3.4e+38 -3.4e+38 -3.4e+38 -3.4e+38 -3.4e+38 -3.4e+38 -3.4e+38 -3.4e+38 -3.4e+38 -3.4e+38 -3.4e+38 -3.4e+38
3094.09741210938 3095.07568359375 3096.0791015625 3096.93627929688 3097.791015625 3098.96997070312 3100.52294921875 3102.09790039062 3103.712890625 3105.57934570312 3107.4599609375 3109.11669921875 3110.85864257812 3112.76440429688 3114.80908203125 3116.83959960938 3119.14282226562 3121.6171875 3124.05151367188 3126.36791992188 3128.99755859375 3131.65991210938 3134.0166015625 3136.03759765625 3138.119140625 3140.1806640625 3141.935546875 3143.56469726562 3145.37866210938 3147.26684570312 3149.06420898438 3151.01098632812 3153.16625976562 3155.22534179688 3156.84423828125 -3.4e+38 -3.4e+38 -3.4e+38 -3.4e+38 -3.4e+38 -3.4e+38 -3.4e+38 -3.4e+38 -3.4e+38 -3.4e+38 -3.4e+38 -3.4e+38 -3.4e+38 -3.4e+38 -3.4e+38 -3.4e+38 -3.4e+38 -3.4e+38
3096.1142578125 3097.07080078125 3098.05859375 3098.96752929688 3099.884765625 3101.10375976562 3102.6318359375 3104.15209960938 3105.70825195312 3107.47705078125 3109.2724609375 3110.88134765625 3112.64526367188 3114.59106445312 3116.62719726562 3118.57080078125 3120.78125 3123.26708984375 3125.77124023438 3128.12109375 3130.74682617188 3133.34912109375 3135.54565429688 3137.41821289062 3139.45629882812 3141.4453125 3143.10668945312 3144.73999023438 3146.64233398438 3148.6796875 3150.60009765625 3152.62231445312 3154.7607421875 3156.8203125 3158.48193359375 -3.4e+38 -3.4e+38 -3.4e+38 -3.4e+38 -3.4e+38 -3.4e+38 -3.4e+38 -3.4e+38 -3.4e+38 -3.4e+38 -3.4e+38 -3.4e+38 -3.4e+38 -3.4e+38 -3.4e+38 -3.4e+38 -3.4e+38 -3.4e+38
3098.17138671875 3099.2236328125 3100.26147460938 3101.21948242188 3102.177734375 3103.416015625 3104.8505859375 3106.2314453125 3107.72412109375 3109.39916992188 3111.08178710938 3112.68603515625 3114.45922851562 3116.37353515625 3118.31713867188 3120.185546875 3122.41235351562 3124.9736328125 3127.53393554688 3129.89331054688 3132.50073242188 3134.98120117188 3136.94653320312 3138.73828125 3140.73413085938 3142.65258789062 3144.27294921875 3145.98657226562 3148.03491210938 3150.22509765625 3152.21606445312 3154.26342773438 3156.361328125 3158.28637695312 3159.67260742188 -3.4e+38 -3.4e+38 -3.4e+38 -3.4e+38 -3.4e+38 -3.4e+38 -3.4e+38 -3.4e+38 -3.4e+38 -3.4e+38 -3.4e+38 -3.4e+38 -3.4e+38 -3.4e+38 -3.4e+38 -3.4e+38 -3.4e+38 -3.4e+38
3100.44946289062 3101.52734375 3102.59252929688 3103.56225585938 3104.552734375 3105.76904296875 3107.07934570312 3108.326171875 3109.77856445312 3111.38623046875 3112.98217773438 3114.52807617188 3116.25439453125 3118.0888671875 3119.92163085938 3121.77319335938 3124.11303710938 3126.74145507812 3129.27954101562 3131.63989257812 3134.19165039062 3136.4765625 3138.28833007812 3140.07788085938 3142.04907226562 3143.90405273438 3145.56396484375 3147.40893554688 3149.56640625 3151.78588867188 3153.80151367188 3155.86865234375 3157.9013671875 3159.51708984375 3160.55346679688 -3.4e+38 -3.4e+38 -3.4e+38 -3.4e+38 -3.4e+38 -3.4e+38 -3.4e+38 -3.4e+38 -3.4e+38 -3.4e+38 -3.4e+38 -3.4e+38 -3.4e+38 -3.4e+38 -3.4e+38 -3.4e+38 -3.4e+38 -3.4e+38
3102.97900390625 3104.04296875 3105.10131835938 3106.05249023438 3107.00048828125 3108.09545898438 3109.2783203125 3110.42333984375 3111.82299804688 3113.39453125 3114.94970703125 3116.40747070312 3118.03100585938 3119.77783203125 3121.57958984375 3123.47094726562 3125.90087890625 3128.56274414062 3131.05883789062 3133.35229492188 3135.720703125 3137.83911132812 3139.6376953125 3141.3701171875 3143.29516601562 3145.181640625 3146.93872070312 3148.9150390625 3151.16625976562 3153.3779296875 3155.38989257812 3157.44677734375 3159.28295898438 3160.5537109375 3161.41064453125 -3.4e+38 -3.4e+38 -3.4e+38 -3.4e+38 -3.4e+38 -3.4e+38 -3.4e+38 -3.4e+38 -3.4e+38 -3.4e+38 -3.4e+38 -3.4e+38 -3.4e+38 -3.4e+38 -3.4e+38 -3.4e+38 -3.4e+38 -3.4e+38
3105.65942382812 3106.765625 3107.76025390625 3108.63452148438 3109.48291015625 3110.44458007812 3111.53662109375 3112.60278320312 3113.900390625 3115.39477539062 3116.89892578125 3118.3125 3119.8291015625 3121.5068359375 3123.3525390625 3125.3330078125 3127.7724609375 3130.400390625 3132.82470703125 3134.99731445312 3137.16674804688 3139.19311523438 3140.95776367188 3142.65942382812 3144.56372070312 3146.5185546875 3148.37133789062 3150.44067382812 3152.73681640625 3154.97021484375 3156.97021484375 3158.9140625 3160.49584960938 3161.58935546875 3162.4306640625 -3.4e+38 -3.4e+38 -3.4e+38 -3.4e+38 -3.4e+38 -3.4e+38 -3.4e+38 -3.4e+38 -3.4e+38 -3.4e+38 -3.4e+38 -3.4e+38 -3.4e+38 -3.4e+38 -3.4e+38 -3.4e+38 -3.4e+38 -3.4e+38
3108.24658203125 3109.47729492188 3110.3837890625 3111.1923828125 3112.0048828125 3112.93969726562 3113.94995117188 3114.95385742188 3116.13134765625 3117.4501953125 3118.84594726562 3120.24243164062 3121.736328125 3123.40966796875 3125.28979492188 3127.2919921875 3129.697265625 3132.21630859375 3134.47485351562 3136.47705078125 3138.56103515625 3140.5556640625 3142.24609375 3143.9638671875 3145.89111328125 3147.90307617188 3149.84521484375 3151.98486328125 3154.2880859375 3156.53686523438 3158.4912109375 3160.2802734375 3161.72119140625 3162.80712890625 3163.74267578125 -3.4e+38 -3.4e+38 -3.4e+38 -3.4e+38 -3.4e+38 -3.4e+38 -3.4e+38 -3.4e+38 -3.4e+38 -3.4e+38 -3.4e+38 -3.4e+38 -3.4e+38 -3.4e+38 -3.4e+38 -3.4e+38 -3.4e+38 -3.4e+38
3110.44409179688 3111.77612304688 3112.82202148438 3113.66918945312 3114.55688476562 3115.560546875 3116.52490234375 3117.42749023438 3118.42456054688 3119.53369140625 3120.796875 3122.17333984375 3123.759765625 3125.47680664062 3127.34204101562 3129.30224609375 3131.60034179688 3133.94262695312 3135.98999023438 3137.8701171875 3139.94262695312 3141.87719726562 3143.53735351562 3145.2861328125 3147.27612304688 3149.35986328125 3151.34448242188 3153.50756835938 3155.75537109375 3157.93090820312 3159.84912109375 3161.62084960938 3163.119140625 3164.3876953125 3165.48999023438 -3.4e+38 -3.4e+38 -3.4e+38 -3.4e+38 -3.4e+38 -3.4e+38 -3.4e+38 -3.4e+38 -3.4e+38 -3.4e+38 -3.4e+38 -3.4e+38 -3.4e+38 -3.4e+38 -3.4e+38 -3.4e+38 -3.4e+38 -3.4e+38
3112.00927734375 3113.48315429688 3114.89624023438 3116.01318359375 3117.13134765625 3118.30444335938 3119.28173828125 3119.94702148438 3120.68969726562 3121.62817382812 3122.76098632812 3124.12963867188 3125.77709960938 3127.54907226562 3129.38891601562 3131.26196289062 3133.44677734375 3135.61767578125 3137.49145507812 3139.310546875 3141.32397460938 3143.19799804688 3144.84521484375 3146.65112304688 3148.69653320312 3150.7978515625 3152.759765625 3154.87890625 3157.04833984375 3159.14306640625 3161.10864257812 3163.08569335938 3164.91650390625 3166.49658203125 3167.63012695312 -3.4e+38 -3.4e+38 -3.4e+38 -3.4e+38 -3.4e+38 -3.4e+38 -3.4e+38 -3.4e+38 -3.4e+38 -3.4e+38 -3.4e+38 -3.4e+38 -3.4e+38 -3.4e+38 -3.4e+38 -3.4e+38 -3.4e+38 -3.4e+38
3112.97119140625 3114.74926757812 3116.64721679688 3118.1904296875 3119.60400390625 3120.9619140625 3121.98095703125 3122.427734375 3122.99267578125 3123.83520507812 3124.82958984375 3126.13696289062 3127.78930664062 3129.56567382812 3131.3212890625 3133.1171875 3135.2265625 3137.26123046875 3139.02758789062 3140.79443359375 3142.732421875 3144.58129882812 3146.1962890625 3148.0185546875 3150.078125 3152.16772460938 3154.09301757812 3156.14794921875 3158.29052734375 3160.40649414062 3162.43872070312 3164.755859375 3167.07250976562 3168.72973632812 3169.78051757812 -3.4e+38 -3.4e+38 -3.4e+38 -3.4e+38 -3.4e+38 -3.4e+38 -3.4e+38 -3.4e+38 -3.4e+38 -3.4e+38 -3.4e+38 -3.4e+38 -3.4e+38 -3.4e+38 -3.4e+38 -3.4e+38 -3.4e+38 -3.4e+38
3113.5732421875 3115.68237304688 3118.07690429688 3120.01049804688 3121.68627929688 3122.99584960938 3124.01489257812 3124.61206054688 3125.20947265625 3126.01416015625 3126.9951171875 3128.1962890625 3129.7822265625 3131.49755859375 3133.13232421875 3134.86328125 3136.90283203125 3138.87255859375 3140.57275390625 3142.322265625 3144.19287109375 3146.03002929688 3147.60717773438 3149.35595703125 3151.37158203125 3153.423828125 3155.29833984375 3157.33276367188 3159.560546875 3161.865234375 3164.10009765625 3166.65209960938 3169.12133789062 3170.74560546875 3171.56982421875 -3.4e+38 -3.4e+38 -3.4e+38 -3.4e+38 -3.4e+38 -3.4e+38 -3.4e+38 -3.4e+38 -3.4e+38 -3.4e+38 -3.4e+38 -3.4e+38 -3.4e+38 -3.4e+38 -3.4e+38 -3.4e+38 -3.4e+38 -3.4e+38
3113.84204101562 3116.2275390625 3118.95581054688 3121.18579101562 3123.04150390625 3124.24560546875 3125.21997070312 3126.15600585938 3127.1142578125 3128.00927734375 3129.04345703125 3130.21997070312 3131.68872070312 3133.32055664062 3134.88110351562 3136.53125 3138.52026367188 3140.46142578125 3142.1708984375 3143.92138671875 3145.73486328125 3147.49633789062 3149.00903320312 3150.69580078125 3152.65698242188 3154.62158203125 3156.4306640625 3158.5107421875 3160.90356445312 3163.44091796875 3165.90063476562 3168.53173828125 3170.80810546875 3172.25756835938 3173.00537109375 -3.4e+38 -3.4e+38 -3.4e+38 -3.4e+38 -3.4e+38 -3.4e+38 -3.4e+38 -3.4e+38 -3.4e+38 -3.4e+38 -3.4e+38 -3.4e+38 -3.4e+38 -3.4e+38 -3.4e+38 -3.4e+38 -3.4e+38 -3.4e+38
3113.787109375 3116.35913085938 3119.37744140625 3121.69897460938 3123.55737304688 3124.93725585938 3126.02221679688 3127.08911132812 3128.48754882812 3129.740234375 3130.85107421875 3132.02954101562 3133.49169921875 3135.1015625 3136.62109375 3138.20776367188 3140.15234375 3142.07055664062 3143.78930664062 3145.52807617188 3147.25244140625 3148.85278320312 3150.31665039062 3152.01342773438 3153.96801757812 3155.8408203125 3157.61450195312 3159.78564453125 3162.37915039062 3164.99267578125 3167.45556640625 3170.08374023438 3172.1591796875 3173.390625 3174.24853515625 -3.4e+38 -3.4e+38 -3.4e+38 -3.4e+38 -3.4e+38 -3.4e+38 -3.4e+38 -3.4e+38 -3.4e+38 -3.4e+38 -3.4e+38 -3.4e+38 -3.4e+38 -3.4e+38 -3.4e+38 -3.4e+38 -3.4e+38 -3.4e+38
3113.40234375 3116.17016601562 3119.33349609375 3121.73095703125 3123.6826171875 3125.16333007812 3126.34545898438 3127.5595703125 3129.47631835938 3131.23559570312 3132.4326171875 3133.6591796875 3135.14477539062 3136.75024414062 3138.25415039062 3139.828125 3141.80102539062 3143.71655273438 3145.3935546875 3147.015625 3148.59155273438 3150.10693359375 3151.56665039062 3153.27099609375 3155.13159179688 3156.95922851562 3158.79125976562 3161.16552734375 3163.90844726562 3166.4873046875 3168.87182617188 3171.37451171875 3173.27783203125 3174.4140625 3175.18920898438 -3.4e+38 -3.4e+38 -3.4e+38 -3.4e+38 -3.4e+38 -3.4e+38 -3.4e+38 -3.4e+38 -3.4e+38 -3.4e+38 -3.4e+38 -3.4e+38 -3.4e+38 -3.4e+38 -3.4e+38 -3.4e+38 -3.4e+38 -3.4e+38
3112.47631835938 3115.42993164062 3118.62622070312 3121.24560546875 3123.41064453125 3124.8876953125 3126.04321289062 3127.5712890625 3130.1845703125 3132.505859375 3133.94165039062 3135.15478515625 3136.5771484375 3138.17041015625 3139.74682617188 3141.4599609375 3143.50146484375 3145.3740234375 3146.88696289062 3148.29907226562 3149.77172851562 3151.25805664062 3152.7119140625 3154.42041015625 3156.23095703125 3158.0634765625 3160.01708984375 3162.57934570312 3165.326171875 3167.8349609375 3170.14208984375 3172.45239257812 3174.2646484375 3175.60766601562 3176.71801757812 -3.4e+38 -3.4e+38 -3.4e+38 -3.4e+38 -3.4e+38 -3.4e+38 -3.4e+38 -3.4e+38 -3.4e+38 -3.4e+38 -3.4e+38 -3.4e+38 -3.4e+38 -3.4e+38 -3.4e+38 -3.4e+38 -3.4e+38 -3.4e+38
3111.10131835938 3114.09057617188 3117.36083984375 3120.17749023438 3122.49340820312 3124.09057617188 3125.38818359375 3127.31079101562 3130.48364257812 3133.35083007812 3135.09545898438 3136.30688476562 3137.64331054688 3139.26049804688 3141.09326171875 3143.09423828125 3145.15502929688 3146.90747070312 3148.16870117188 3149.4423828125 3150.873046875 3152.30859375 3153.78442382812 3155.41943359375 3157.12939453125 3159.05322265625 3161.23754882812 3163.94580078125 3166.70581054688 3169.13452148438 3171.41186523438 3173.75122070312 3175.88305664062 3177.6298828125 3179.00317382812 -3.4e+38 -3.4e+38 -3.4e+38 -3.4e+38 -3.4e+38 -3.4e+38 -3.4e+38 -3.4e+38 -3.4e+38 -3.4e+38 -3.4e+38 -3.4e+38 -3.4e+38 -3.4e+38 -3.4e+38 -3.4e+38 -3.4e+38 -3.4e+38
3109.4345703125 3112.30590820312 3115.513671875 3118.27319335938 3120.70678710938 3122.75341796875 3124.48046875 3126.61645507812 3130.05151367188 3133.45849609375 3135.52612304688 3136.85522460938 3138.20532226562 3139.98583984375 3142.16625976562 3144.49096679688 3146.650390625 3148.11450195312 3149.23095703125 3150.44482421875 3151.80029296875 3153.23364257812 3154.64819335938 3156.2392578125 3158.00805664062 3160.03076171875 3162.38134765625 3165.20336914062 3167.97314453125 3170.31030273438 3172.53955078125 3174.99584960938 3177.49877929688 3179.71166992188 3181.28442382812 -3.4e+38 -3.4e+38 -3.4e+38 -3.4e+38 -3.4e+38 -3.4e+38 -3.4e+38 -3.4e+38 -3.4e+38 -3.4e+38 -3.4e+38 -3.4e+38 -3.4e+38 -3.4e+38 -3.4e+38 -3.4e+38 -3.4e+38 -3.4e+38
3107.78295898438 3110.4775390625 3113.27416992188 3115.89794921875 3118.53759765625 3120.92431640625 3122.98315429688 3125.27099609375 3128.87133789062 3132.7880859375 3135.24731445312 3136.71508789062 3138.14965820312 3140.15478515625 3142.59912109375 3145.10620117188 3147.30493164062 3148.79565429688 3149.95849609375 3151.10595703125 3152.43383789062 3153.931640625 3155.38061523438 3157.0302734375 3158.93798828125 3161.109375 3163.46020507812 3166.24829101562 3169.11450195312 3171.61206054688 3173.99829101562 3176.7314453125 3179.357421875 3181.54418945312 3183.2412109375 -3.4e+38 -3.4e+38 -3.4e+38 -3.4e+38 -3.4e+38 -3.4e+38 -3.4e+38 -3.4e+38 -3.4e+38 -3.4e+38 -3.4e+38 -3.4e+38 -3.4e+38 -3.4e+38 -3.4e+38 -3.4e+38 -3.4e+38 -3.4e+38
3106.17895507812 3108.71435546875 3111.05395507812 3113.42749023438 3116.17578125 3118.78051757812 3120.97583007812 3123.22827148438 3126.7412109375 3130.88647460938 3133.84692382812 3135.77124023438 3137.44677734375 3139.6640625 3142.29150390625 3145.00805664062 3147.30224609375 3148.94213867188 3150.18505859375 3151.44775390625 3152.92724609375 3154.53125 3156.01245117188 3157.70239257812 3159.76831054688 3162.125 3164.49755859375 3167.32568359375 3170.18969726562 3172.78149414062 3175.52221679688 3178.50073242188 3181.14379882812 3183.09716796875 3184.5419921875 -3.4e+38 -3.4e+38 -3.4e+38 -3.4e+38 -3.4e+38 -3.4e+38 -3.4e+38 -3.4e+38 -3.4e+38 -3.4e+38 -3.4e+38 -3.4e+38 -3.4e+38 -3.4e+38 -3.4e+38 -3.4e+38 -3.4e+38 -3.4e+38
