MCO_data_requests/covino_4_2_2020/subwatershed_outputs/fool_flow_accumulation_utm_10m.asc
NCOLS 219 
NROWS 456 
XLLCORNER 424681.519902415 
YLLCORNER 4412937.22541033 
CELLSIZE 10 
NODATA_value -3.4e+38 
[rows 120 to 143 of 456, columns 53 to 105 of 219]
-3.4e+38 -3.4e+38 -3.4e+38 -3.4e+38 -3.4e+38 -3.4e+38 1184.43005371094 1450.73315429688 1679.46374511719 1420.85913085938 1381.77709960938 1054.26977539062 599.191467285156 553.781677246094 583.099304199219 904.852111816406 1409.98510742188 1962.30737304688 2112.68872070312 1864.30249023438 1454.60522460938 1312.29504394531 1451.36389160156 1491.70288085938 1299.09643554688 1276.73815917969 1227.92053222656 1289.50903320312 1546.17102050781 1774.19970703125 2206.10302734375 2697.6240234375 2301.35278320312 1927.9365234375 1777.2705078125 1814.85485839844 1758.85083007812 1729.53381347656 1754.388671875 1657.69616699219 1604.36865234375 1651.37219238281 1732.54150390625 1704.53344726562 1736.11047363281 1799.15905761719 1927.158203125 112467.703125 2895042.5 1514.10974121094 1521.89086914062 1608.36999511719 1601.763671875
-3.4e+38 -3.4e+38 -3.4e+38 -3.4e+38 -3.4e+38 -3.4e+38 1263.15417480469 1441.65881347656 1687.17456054688 1458.10827636719 1187.28002929688 881.529052734375 526.874572753906 462.378509521484 540.164367675781 1008.43676757812 1610.61169433594 2067.90478515625 2058.02172851562 1634.55639648438 1264.02807617188 1325.41345214844 1459.37805175781 1419.92578125 1191.17456054688 1104.26330566406 1336.029296875 1543.24829101562 1864.07873535156 2129.568359375 2425.638671875 2127.4384765625 1763.052734375 1750.63513183594 1966.90734863281 2123.02124023438 2158.22338867188 2121.72290039062 1991.44787597656 1825.68896484375 1811.15173339844 1922.17541503906 1988.98010253906 2026.34924316406 1963.60229492188 1975.20715332031 2344.01904296875 3001321.5 2381.61499023438 1532.16748046875 1504.94750976562 1564.54724121094 1571.63635253906
-3.4e+38 -3.4e+38 -3.4e+38 -3.4e+38 -3.4e+38 -3.4e+38 1265.73840332031 1419.77282714844 1667.01293945312 1550.45031738281 1006.92864990234 633.228698730469 450.457611083984 378.064971923828 522.552734375 1203.06945800781 1907.82141113281 2092.77026367188 1803.99780273438 1419.47607421875 1259.90930175781 1307.78576660156 1301.46716308594 1338.76928710938 1138.29846191406 1162.06604003906 1550.26159667969 1790.04187011719 1922.98474121094 2086.0927734375 1962.79675292969 1759.37841796875 1723.84313964844 1785.06884765625 1828.77233886719 1831.30700683594 1964.26928710938 2041.55444335938 2062.4794921875 2119.421875 2169.34521484375 2246.63647460938 2364.45849609375 2535.525390625 2801.40161132812 3268.72485351562 4703.3388671875 2995184.25 1686.03039550781 1552.02612304688 1562.2578125 1498.5732421875 1440.05908203125
-3.4e+38 -3.4e+38 -3.4e+38 -3.4e+38 -3.4e+38 -3.4e+38 1193.17431640625 1439.58813476562 1594.19616699219 1497.73449707031 870.8505859375 484.667449951172 330.201171875 283.299194335938 580.622741699219 1566.07214355469 2253.16137695312 1883.5673828125 1396.85095214844 1371.67114257812 1260.93371582031 1140.79565429688 1223.84899902344 1291.79553222656 1170.56604003906 1414.7939453125 1744.72326660156 1877.83947753906 2018.85180664062 2023.26550292969 1861.400390625 1799.52062988281 1852.20812988281 1822.9677734375 1686.83801269531 1561.02893066406 1528.01110839844 1621.85424804688 1827.27197265625 1962.29321289062 2034.75476074219 2218.244140625 2574.04833984375 3178.68603515625 4117.5 5493.2451171875 242743.4375 2750362 1479.8984375 1499.37878417969 1463.31555175781 1355.3974609375 1273.48217773438
-3.4e+38 -3.4e+38 -3.4e+38 -3.4e+38 -3.4e+38 -3.4e+38 1160.69018554688 1336.0166015625 1472.43505859375 1347.16467285156 811.596374511719 383.620788574219 222.890213012695 215.644317626953 922.367980957031 2258.2314453125 2045.99475097656 1355.30236816406 1281.34399414062 1302.59997558594 1070.51330566406 1049.40893554688 1309.56713867188 1326.3154296875 1314.7939453125 1544.49792480469 1866.7958984375 1877.90942382812 1934.70434570312 1931.92419433594 1833.36560058594 1741.12854003906 1649.44958496094 1524.77551269531 1496.75512695312 1549.93688964844 1642.29016113281 1772.48461914062 1883.74401855469 2028.30883789062 2220.4111328125 2448.53295898438 2904.43603515625 3933.94580078125 5812.33544921875 7303.9248046875 2625025.5 359181.90625 1355.71264648438 1348.78979492188 1334.77807617188 1271.32238769531 1112.00366210938
-3.4e+38 -3.4e+38 -3.4e+38 -3.4e+38 -3.4e+38 -3.4e+38 1088.759765625 1204.84704589844 1297.97082519531 1174.69458007812 722.138061523438 339.568603515625 151.637649536133 521.078125 1627.08764648438 2349.27392578125 1288.611328125 1131.3056640625 1221.33422851562 1115.69604492188 970.09814453125 1116.44213867188 1387.74206542969 1433.798828125 1444.49792480469 1681.99047851562 1856.81823730469 1805.36779785156 1805.30029296875 1647.9189453125 1530.25012207031 1420.90966796875 1335.66430664062 1334.79187011719 1456.88146972656 1610.79577636719 1774.5498046875 1960.953125 2130.18432617188 2279.35302734375 2466.82373046875 2747.76928710938 3812.365234375 6062.30712890625 7112.0009765625 6792.197265625 2968493.75 6081.8203125 1344.12731933594 1220.94311523438 1124.65625 1115.71142578125 1083.56115722656
-3.4e+38 -3.4e+38 -3.4e+38 -3.4e+38 -3.4e+38 -3.4e+38 999.999328613281 1102.04748535156 1108.09436035156 979.309265136719 646.046691894531 292.537933349609 533.445434570312 1078.1474609375 2087.62768554688 1367.38806152344 1091.78881835938 1068.31652832031 1073.75048828125 992.888916015625 990.8271484375 1258.25280761719 1428.48815917969 1509.349609375 1619.68579101562 1702.72326660156 1759.46276855469 1647.74926757812 1508.48657226562 1324.53063964844 1306.09228515625 1341.7705078125 1434.00842285156 1568.99938964844 1607.88781738281 1706.02990722656 1912.72888183594 2117.02465820312 2336.49243164062 2615.17651367188 3065.01440429688 4219.3857421875 6012.65087890625 5931.55078125 4744.40771484375 4320.84375 2961195 6586.109375 1389.81909179688 1229.90966796875 1081.49609375 961.350219726562 1061.99426269531
-3.4e+38 -3.4e+38 -3.4e+38 -3.4e+38 -3.4e+38 -3.4e+38 912.871459960938 999.047302246094 948.091247558594 833.449279785156 632.334899902344 515.994567871094 789.780517578125 1485.06066894531 1323.16040039062 1112.81042480469 1054.29223632812 1018.94061279297 932.800964355469 972.960388183594 1087.97888183594 1307.88684082031 1494.56335449219 1646.00048828125 1625.34484863281 1594.21337890625 1644.25109863281 1391.40698242188 1183.38073730469 1233.044921875 1391.33142089844 1554.43603515625 1740.611328125 1909.77197265625 2024.69787597656 2172.09619140625 2317.84521484375 2508.375 2887.9921875 3568.06567382812 4591.05029296875 5722.712890625 4779.06689453125 3207.86547851562 3089.48754882812 3492.62573242188 2952920.75 9883.8798828125 1367.40734863281 1240.74768066406 1145.32580566406 1090.41540527344 1076.71118164062
-3.4e+38 -3.4e+38 -3.4e+38 -3.4e+38 -3.4e+38 -3.4e+38 833.631408691406 933.157043457031 844.53466796875 748.070251464844 676.079833984375 715.49169921875 964.584716796875 1122.2880859375 1047.50073242188 1145.41369628906 1000.56237792969 888.356323242188 856.626770019531 1073.71105957031 1196.11743164062 1297.65588378906 1619.41857910156 1653.8671875 1490.412109375 1524.75622558594 1388.91296386719 1217.97180175781 1156.7685546875 1371.57250976562 1582.50708007812 1856.29516601562 2020.95812988281 2114.67944335938 2229.31958007812 2382.73852539062 2488.50854492188 2715.3388671875 3064.81811523438 3521.400390625 3752.82739257812 3016.3544921875 2392.91333007812 2871.9599609375 3426.57958984375 3630.09985351562 2943249 14077.552734375 1209.75280761719 1207.65576171875 1158.64172363281 1166.30322265625 1115.0869140625
-3.4e+38 -3.4e+38 -3.4e+38 -3.4e+38 -3.4e+38 -3.4e+38 765.036071777344 906.19580078125 791.1591796875 691.674072265625 675.415588378906 813.512451171875 865.224731445312 930.491821289062 1057.31896972656 1096.68286132812 852.792846679688 787.929748535156 928.633422851562 1206.64172363281 1224.89514160156 1366.59741210938 1616.55041503906 1576.59252929688 1442.81750488281 1374.26782226562 1312.19775390625 1324.97741699219 1360.19323730469 1499.21325683594 1790.59643554688 1919.26940917969 2063.40600585938 2158.71826171875 2165.76708984375 2161.72729492188 2256.92333984375 2427.68994140625 2544.9912109375 2401.09399414062 2017.36560058594 1690.02990722656 2479.10571289062 3766.98657226562 4307.92138671875 5673.93896484375 2920638.5 29726.861328125 1092.36267089844 1124.94653320312 1145.15747070312 1162.35754394531 1132.80883789062
-3.4e+38 -3.4e+38 -3.4e+38 -3.4e+38 -3.4e+38 -3.4e+38 737.681030273438 865.074157714844 738.102416992188 649.684020996094 639.746643066406 793.423583984375 808.842834472656 930.580993652344 1028.01281738281 918.340087890625 760.528442382812 781.524536132812 1025.08654785156 1251.8955078125 1332.49853515625 1438.72534179688 1473.36730957031 1508.31311035156 1345.85607910156 1297.59716796875 1285.05346679688 1263.98315429688 1371.41979980469 1575.96411132812 1729.71765136719 1922.88354492188 1996.62707519531 2006.69323730469 2028.9638671875 2080.7255859375 2119.18823242188 2025.57238769531 1892.30859375 1669.29248046875 1698.62255859375 2379.10571289062 3338.181640625 4407.84130859375 6303.32421875 7748.00927734375 2702239.75 240164.015625 1059.09875488281 998.562622070312 992.808227539062 1009.27899169922 984.75439453125
-3.4e+38 -3.4e+38 -3.4e+38 -3.4e+38 -3.4e+38 -3.4e+38 736.37353515625 778.494567871094 669.889831542969 601.825622558594 631.6982421875 777.5068359375 794.540222167969 916.409851074219 896.15087890625 782.883422851562 748.865173339844 824.499145507812 1098.01306152344 1339.09753417969 1326.51000976562 1333.92028808594 1503.27770996094 1346.72875976562 1246.11828613281 1179.39294433594 1116.40234375 1242.78930664062 1483.15466308594 1498.005859375 1688.34228515625 1749.43774414062 1659.70385742188 1633.4306640625 1656.20617675781 1623.47351074219 1537.58081054688 1441.61804199219 1365.03210449219 1603.58422851562 2500.09692382812 3238.181640625 4364.55517578125 6161.57470703125 7553.4189453125 8075.2724609375 1670569.75 1263115.125 1061.75244140625 1027.92126464844 1053.36206054688 1020.08428955078 997.234375
-3.4e+38 -3.4e+38 -3.4e+38 -3.4e+38 -3.4e+38 -3.4e+38 723.785949707031 656.786743164062 627.150146484375 572.039916992188 609.646728515625 787.036437988281 799.188720703125 815.911315917969 753.994201660156 718.905395507812 740.611938476562 905.201171875 1225.32885742188 1281.92077636719 1228.8681640625 1321.33935546875 1472.24450683594 1198.08520507812 1113.88024902344 1121.91796875 1206.11779785156 1397.142578125 1485.34680175781 1564.55114746094 1289.96044921875 1029.39782714844 962.891967773438 975.716796875 1035.7060546875 1001.11120605469 1053.17138671875 1083.8017578125 1520.90783691406 2858.93041992188 3613.35913085938 5326.76123046875 7466.419921875 7349.3828125 7477.40234375 6671.65625 299943.375 2625607.5 901.393249511719 876.516052246094 902.424255371094 890.819763183594 887.780395507812
-3.4e+38 -3.4e+38 -3.4e+38 -3.4e+38 -3.4e+38 -3.4e+38 694.887939453125 546.004455566406 595.521423339844 555.493347167969 617.929809570312 776.197326660156 768.729736328125 671.108947753906 659.126892089844 702.909790039062 785.40478515625 1014.03533935547 1209.92224121094 1198.96826171875 1205.78466796875 1276.18908691406 1305.06005859375 1075.990234375 1068.39892578125 1157.41552734375 1499.64636230469 1597.94689941406 1434.92626953125 996.714965820312 673.475219726562 499.801574707031 466.050018310547 547.2099609375 672.655212402344 757.791320800781 882.264404296875 1511.78100585938 3058.84643554688 3958.900390625 6728.23779296875 9724.0087890625 9108.3759765625 7510.22705078125 5570.615234375 5163.8125 14429.6650390625 2904344.5 925.10498046875 843.80322265625 830.88671875 802.972534179688 711.648193359375
-3.4e+38 -3.4e+38 -3.4e+38 -3.4e+38 -3.4e+38 -3.4e+38 635.967346191406 496.171813964844 534.39208984375 544.592224121094 627.0576171875 756.787231445312 695.052490234375 588.853698730469 618.878234863281 753.140808105469 861.425415039062 1011.32275390625 1122.60070800781 1188.77868652344 1152.2197265625 1110.86791992188 1149.10864257812 1031.08984375 1088.36779785156 1344.75036621094 1548.37719726562 1802.51184082031 1775.40551757812 1338.70849609375 699.938659667969 321.39990234375 336.907989501953 545.181457519531 696.461791992188 1170.66625976562 1895.14624023438 2992.0283203125 4289.63232421875 8885.1630859375 11531.9736328125 7902.75634765625 6396.28466796875 5664.42822265625 4824.85693359375 4458.12060546875 11206.177734375 2900985.25 975.088012695312 893.904907226562 805.618103027344 716.90185546875 663.722106933594
-3.4e+38 -3.4e+38 -3.4e+38 -3.4e+38 -3.4e+38 -3.4e+38 557.815979003906 474.164306640625 462.394012451172 537.238830566406 634.471374511719 691.85107421875 621.996520996094 588.259338378906 660.475524902344 793.668334960938 866.018493652344 919.252502441406 1121.28649902344 1122.5771484375 993.701721191406 1066.31884765625 985.341003417969 1106.14038085938 1349.333984375 1595.11486816406 1674.77307128906 1884.12976074219 2107.61596679688 2394.3935546875 1997.12109375 925.291564941406 653.134216308594 755.603515625 2497.2099609375 3858.658203125 5425.49951171875 7547.150390625 11053.58203125 9569.666015625 5316.87451171875 5392.3388671875 4978.04736328125 4652.19091796875 4225.36962890625 4868.853515625 11636.857421875 2893701.75 981.886840820312 832.197082519531 732.155944824219 645.820861816406 598.828491210938
-3.4e+38 -3.4e+38 -3.4e+38 -3.4e+38 -3.4e+38 -3.4e+38 472.638854980469 419.587280273438 434.515899658203 527.158386230469 604.135620117188 629.154235839844 578.721618652344 593.429504394531 742.008911132812 786.61572265625 804.963806152344 895.680358886719 1082.27893066406 965.288635253906 999.181457519531 915.976989746094 1046.80322265625 1240.91943359375 1493.77478027344 1594.4892578125 1682.26171875 1730.16772460938 1909.09973144531 2536.8583984375 4019.51708984375 5831.4853515625 6542.43310546875 6914.01513671875 6652.05078125 7161.3671875 7788.6650390625 10364.95703125 8891.21875 5874.78076171875 4940.66748046875 4265.68505859375 3796.99755859375 3648.1640625 5338.7578125 8755.0791015625 21166.2578125 2493905.5 381674.65625 871.622924804688 683.593994140625 573.365234375 494.679931640625
-3.4e+38 -3.4e+38 -3.4e+38 -3.4e+38 -3.4e+38 -3.4e+38 395.035064697266 366.993255615234 439.432434082031 499.588684082031 528.722412109375 586.11767578125 573.225463867188 622.203796386719 747.903564453125 740.833923339844 792.804504394531 892.956420898438 950.240905761719 938.115295410156 896.332763671875 1052.70227050781 1201.47595214844 1413.66760253906 1425.69775390625 1498.50561523438 1795.09216308594 1844.9052734375 2060.75415039062 2463.27172851562 2783.16943359375 3241.96435546875 4059.28393554688 5275.9375 6439.037109375 7774.54833984375 9018.3544921875 6811.515625 4199.45361328125 3825.16284179688 3656.97412109375 3793.9404296875 3838.4033203125 5243.18408203125 8502.1025390625 18854.37109375 14701.2373046875 990952.9375 1870351.75 594.114562988281 484.952270507812 408.360656738281 346.845733642578
-3.4e+38 -3.4e+38 -3.4e+38 -3.4e+38 -3.4e+38 -3.4e+38 330.971282958984 338.530426025391 443.559631347656 441.315216064453 480.920349121094 557.498657226562 570.24365234375 616.115051269531 684.713012695312 747.358703613281 798.216247558594 836.244995117188 852.111267089844 893.320068359375 1032.57995605469 1132.69458007812 1321.71740722656 1320.22424316406 1350.90454101562 1485.92504882812 1492.96923828125 1928.77575683594 2369.75708007812 2554.99609375 2855.77368164062 3170.89453125 3817.18530273438 4905.3125 6279.029296875 6882.37744140625 5300.3486328125 3220.42236328125 2780.40893554688 2460.07470703125 3040.78076171875 2843.59326171875 4431.51806640625 8462.2001953125 17337.056640625 13144.431640625 7892.3037109375 8603.0419921875 2753727.25 98272.9765625 526.542785644531 442.603729248047 380.505493164062
-3.4e+38 -3.4e+38 -3.4e+38 -3.4e+38 -3.4e+38 -3.4e+38 281.798797607422 346.840942382812 404.413421630859 357.7197265625 469.070098876953 549.896484375 550.628540039062 555.611145019531 676.287048339844 751.650634765625 764.17333984375 832.687744140625 860.087463378906 945.9931640625 1053.17529296875 1222.77404785156 1246.94445800781 1294.66064453125 1363.48620605469 1369.56408691406 1740.12585449219 2271.15747070312 2592.51318359375 2932.87231445312 3396.806640625 3830.23950195312 4437.78857421875 5111.47265625 5293.66748046875 3439.2421875 2561.81640625 2483.10620117188 2115.185546875 2872.83642578125 2271.09204101562 4438.18603515625 7818.59033203125 14709.9912109375 13233.0166015625 7833.7578125 5268.3828125 4827.5 12860.26171875 2734464 259313.015625 535.73291015625 507.091461181641
-3.4e+38 -3.4e+38 -3.4e+38 -3.4e+38 -3.4e+38 -3.4e+38 235.889465332031 400.592376708984 284.140380859375 339.985778808594 441.555511474609 534.622192382812 484.193786621094 542.223571777344 711.692443847656 681.881652832031 780.650207519531 796.605041503906 908.598876953125 1036.66015625 1169.45153808594 1183.36743164062 1159.9541015625 1201.99035644531 1393.13635253906 1949.97314453125 2717.8271484375 2604.69775390625 2393.15893554688 2389.984375 2591.1416015625 3405.18237304688 3641.56982421875 3888.900390625 2113.36108398438 1749.48596191406 2017.54479980469 2265.2294921875 2635.57446289062 1916.59680175781 3480.7041015625 8667.1796875 14609.9912109375 11690.7138671875 8007.51806640625 5092.23193359375 3137.41577148438 3832.49731445312 4920.7060546875 11634.48828125 2568053.5 1543601.25 838.329528808594
-3.4e+38 -3.4e+38 -3.4e+38 -3.4e+38 -3.4e+38 -3.4e+38 -3.4e+38 360.571960449219 272.198211669922 351.741088867188 448.217620849609 441.416595458984 456.169647216797 562.148803710938 632.345458984375 684.63134765625 685.003723144531 816.458618164062 902.572937011719 1011.34478759766 1047.06848144531 1068.71459960938 1165.69262695312 1326.58422851562 1780.24670410156 2912.48852539062 2769.9990234375 2086.30688476562 1834.8046875 1888.21923828125 2465.25073242188 2647.7587890625 3065.09033203125 2172.50463867188 1571.18115234375 1404.09851074219 1618.91040039062 2227.93676757812 2255.08862304688 3302.4375 6438.40625 14825.9599609375 12664.169921875 7624.486328125 5403.1494140625 2908.34423828125 2701.28881835938 3011.72021484375 3941.552734375 5548.32861328125 10298.767578125 1278694.125 2811981.25
-3.4e+38 -3.4e+38 -3.4e+38 -3.4e+38 -3.4e+38 -3.4e+38 -3.4e+38 302.739105224609 284.260620117188 354.759124755859 413.027099609375 384.991607666016 460.302551269531 503.740692138672 626.44384765625 605.282531738281 712.274475097656 751.187744140625 891.112731933594 963.037292480469 976.955810546875 1117.72009277344 1316.82202148438 1781.67077636719 2949.87475585938 2304.04418945312 1384.69519042969 1395.6083984375 1511.59619140625 1880.13342285156 1975.83728027344 1965.24182128906 1998.57067871094 1835.654296875 1409.71118164062 1353.26965332031 1639.22058105469 2284.11743164062 2731.80493164062 4481.59912109375 12391.09765625 15621.5029296875 8519.5048828125 5501.88818359375 3065.9033203125 2338.7236328125 2381.751953125 2593.50610351562 3389.5576171875 3891.9296875 6629.29931640625 8588.521484375 5217.16064453125
-3.4e+38 -3.4e+38 -3.4e+38 -3.4e+38 -3.4e+38 -3.4e+38 -3.4e+38 -3.4e+38 291.339019775391 346.335754394531 322.344970703125 406.849578857422 403.740692138672 471.085205078125 545.585571289062 629.146057128906 655.490600585938 751.483642578125 857.2587890625 853.865844726562 1001.23059082031 1171.72021484375 1669.40515136719 2679.408203125 1813.53479003906 929.004760742188 892.620727539062 1063.11608886719 1358.96459960938 1733.05529785156 1743.63293457031 1602.16870117188 1635.89074707031 1527.89306640625 1392.55529785156 1523.11962890625 1831.70056152344 2543.85546875 3013.07421875 5637.59619140625 14727.357421875 14502.1025390625 6965.74951171875 3307.44970703125 2230.96752929688 2103.32690429688 2038.08117675781 2410.63208007812 3178.65185546875 3282.57861328125 4655.12548828125 8622.9296875 5295.53125
