MCO_data_requests/covino_4_2_2020/subwatershed_outputs/lex_dem_utm_10m.asc
NCOLS 162 
NROWS 131 
XLLCORNER 419591.519902415 
YLLCORNER 4416017.22541033 
CELLSIZE 10 
NODATA_value -3.4e+38 
[rows 21 to 41 of 131, columns 0 to 46 of 162]
-3.4e+38 -3.4e+38 -3.4e+38 -3.4e+38 -3.4e+38 -3.4e+38 -3.4e+38 -3.4e+38 -3.4e+38 -3.4e+38 -3.4e+38 -3.4e+38 -3.4e+38 -3.4e+38 -3.4e+38 -3.4e+38 -3.4e+38 -3.4e+38 3502.99853515625 3501.78051757812 3500.42016601562 3498.7294921875 3496.9775390625 3495.45532226562 3493.88940429688 3492.1689453125 3490.72973632812 3489.61889648438 3488.52587890625 3487.29638671875 3486.09936523438 3485.04077148438 3483.943359375 3482.81103515625 3481.953125 3481.41357421875 3480.9140625 3480.42114257812 3479.99877929688 3479.61352539062 3479.18920898438 3478.73120117188 3478.2861328125 3477.72509765625 3476.98193359375 3476.24633789062 3475.6015625
-3.4e+38 -3.4e+38 -3.4e+38 -3.4e+38 -3.4e+38 -3.4e+38 -3.4e+38 -3.4e+38 -3.4e+38 -3.4e+38 -3.4e+38 -3.4e+38 -3.4e+38 -3.4e+38 -3.4e+38 -3.4e+38 -3.4e+38 -3.4e+38 3501.06591796875 3499.52734375 3497.90063476562 3495.90209960938 3493.8935546875 3492.22314453125 3490.54443359375 3488.75146484375 3487.26513671875 3486.16235351562 3485.03930664062 3483.7607421875 3482.50219726562 3481.37475585938 3480.18505859375 3479.01904296875 3478.28955078125 3477.84521484375 3477.37060546875 3476.92724609375 3476.55419921875 3476.193359375 3475.7822265625 3475.36669921875 3474.95678710938 3474.4365234375 3473.73510742188 3473.02734375 3472.44360351562
-3.4e+38 -3.4e+38 -3.4e+38 -3.4e+38 -3.4e+38 -3.4e+38 -3.4e+38 -3.4e+38 -3.4e+38 -3.4e+38 -3.4e+38 -3.4e+38 -3.4e+38 -3.4e+38 -3.4e+38 -3.4e+38 -3.4e+38 3500.15747070312 3498.5439453125 3496.68090820312 3494.7978515625 3492.71704101562 3490.66650390625 3488.97290039062 3487.29736328125 3485.46875 3483.81958007812 3482.5751953125 3481.37963867188 3480.08935546875 3478.81201171875 3477.64916992188 3476.359375 3475.14868164062 3474.44653320312 3474.03198242188 3473.57958984375 3473.1171875 3472.73974609375 3472.3984375 3472.046875 3471.69384765625 3471.3828125 3471 3470.39916992188 3469.75268554688 3469.19506835938
-3.4e+38 -3.4e+38 -3.4e+38 -3.4e+38 -3.4e+38 -3.4e+38 -3.4e+38 -3.4e+38 -3.4e+38 -3.4e+38 -3.4e+38 -3.4e+38 -3.4e+38 -3.4e+38 -3.4e+38 -3.4e+38 -3.4e+38 3497.3134765625 3495.41259765625 3493.38427734375 3491.43823242188 3489.40771484375 3487.44506835938 3485.77880859375 3484.1025390625 3482.18701171875 3480.34790039062 3478.93139648438 3477.6884765625 3476.37646484375 3475.04931640625 3473.83178710938 3472.53491210938 3471.32055664062 3470.4892578125 3469.96728515625 3469.44775390625 3468.88549804688 3468.48803710938 3468.234375 3468.0576171875 3467.88500976562 3467.75048828125 3467.52783203125 3467.0107421875 3466.40991210938 3465.92065429688
-3.4e+38 -3.4e+38 -3.4e+38 -3.4e+38 -3.4e+38 -3.4e+38 -3.4e+38 -3.4e+38 -3.4e+38 -3.4e+38 -3.4e+38 -3.4e+38 -3.4e+38 -3.4e+38 -3.4e+38 3496.80786132812 3495.96850585938 3494.18359375 3492.14184570312 3490.07690429688 3488.15087890625 3486.23217773438 3484.34057617188 3482.671875 3480.939453125 3478.90942382812 3476.91772460938 3475.369140625 3474.01953125 3472.58178710938 3471.15576171875 3469.88647460938 3468.57934570312 3467.29052734375 3466.35668945312 3465.77221679688 3465.21435546875 3464.71313476562 3464.36767578125 3464.21069335938 3464.20849609375 3464.2333984375 3464.23095703125 3464.09497070312 3463.65502929688 3463.16333007812 3462.70434570312
-3.4e+38 -3.4e+38 -3.4e+38 -3.4e+38 -3.4e+38 -3.4e+38 -3.4e+38 -3.4e+38 -3.4e+38 -3.4e+38 -3.4e+38 -3.4e+38 -3.4e+38 -3.4e+38 -3.4e+38 3494.31127929688 3493.14721679688 3491.28588867188 3489.20141601562 3487.1552734375 3485.228515625 3483.25610351562 3481.326171875 3479.6376953125 3477.81616210938 3475.71044921875 3473.68530273438 3471.99536132812 3470.365234375 3468.65747070312 3467.10717773438 3465.84130859375 3464.53662109375 3463.25537109375 3462.337890625 3461.82739257812 3461.45776367188 3461.17163085938 3460.96899414062 3460.888671875 3460.90307617188 3460.93359375 3460.92797851562 3460.77807617188 3460.44189453125 3460.048828125 3459.59375
-3.4e+38 -3.4e+38 -3.4e+38 -3.4e+38 -3.4e+38 -3.4e+38 -3.4e+38 -3.4e+38 -3.4e+38 -3.4e+38 -3.4e+38 -3.4e+38 -3.4e+38 -3.4e+38 3493.16552734375 3492.04174804688 3490.68676757812 3488.72607421875 3486.51196289062 3484.4462890625 3482.45874023438 3480.33764648438 3478.32568359375 3476.56005859375 3474.62475585938 3472.46142578125 3470.458984375 3468.703125 3466.84204101562 3464.8173828125 3462.98583984375 3461.6162109375 3460.2431640625 3459.03051757812 3458.36181640625 3458.0859375 3457.94189453125 3457.89599609375 3457.89111328125 3457.875 3457.880859375 3457.86499023438 3457.79443359375 3457.66284179688 3457.37524414062 3456.95190429688 3456.4677734375
-3.4e+38 -3.4e+38 -3.4e+38 -3.4e+38 -3.4e+38 -3.4e+38 -3.4e+38 -3.4e+38 -3.4e+38 -3.4e+38 -3.4e+38 -3.4e+38 -3.4e+38 -3.4e+38 3491.5185546875 3490.01806640625 3488.36962890625 3486.1083984375 3483.67456054688 3481.52856445312 3479.4970703125 3477.31176757812 3475.22021484375 3473.32373046875 3471.31103515625 3469.16577148438 3467.1826171875 3465.38110351562 3463.30078125 3460.91479492188 3458.65112304688 3456.912109375 3455.46801757812 3454.45947265625 3454.24096679688 3454.42993164062 3454.63598632812 3454.86596679688 3455.0224609375 3455.07299804688 3455.017578125 3454.876953125 3454.78881835938 3454.6650390625 3454.3828125 3453.91674804688 3453.38696289062
-3.4e+38 -3.4e+38 -3.4e+38 -3.4e+38 -3.4e+38 -3.4e+38 -3.4e+38 -3.4e+38 -3.4e+38 -3.4e+38 -3.4e+38 -3.4e+38 -3.4e+38 -3.4e+38 3489.55883789062 3487.68139648438 3485.58325195312 3482.97412109375 3480.45166015625 3478.34375 3476.34716796875 3474.12817382812 3471.98022460938 3470.0234375 3467.96557617188 3465.8154296875 3463.74926757812 3461.70166015625 3459.29052734375 3456.57788085938 3453.95947265625 3451.92260742188 3450.59985351562 3449.74755859375 3449.7724609375 3450.29052734375 3450.89697265625 3451.44018554688 3451.86645507812 3452.03686523438 3451.91381835938 3451.77099609375 3451.67431640625 3451.54174804688 3451.25903320312 3450.74877929688 3450.11450195312
-3.4e+38 -3.4e+38 -3.4e+38 -3.4e+38 -3.4e+38 -3.4e+38 -3.4e+38 -3.4e+38 -3.4e+38 -3.4e+38 -3.4e+38 -3.4e+38 -3.4e+38 3489.2607421875 3486.98413085938 3484.68481445312 3482.20971679688 3479.45263671875 3477.02807617188 3475.07153320312 3473.08569335938 3470.83129882812 3468.60546875 3466.6181640625 3464.53491210938 3462.28173828125 3460.02026367188 3457.77807617188 3455.21362304688 3452.38793945312 3449.56323242188 3446.5380859375 3444.234375 3444.1650390625 3444.73754882812 3445.45849609375 3446.2802734375 3447.04174804688 3447.60302734375 3447.95385742188 3448.11767578125 3448.16235351562 3448.13110351562 3448.04028320312 3447.74609375 3447.28564453125 3446.72387695312
-3.4e+38 -3.4e+38 -3.4e+38 -3.4e+38 -3.4e+38 -3.4e+38 -3.4e+38 -3.4e+38 -3.4e+38 -3.4e+38 -3.4e+38 -3.4e+38 3488.51928710938 3486.5908203125 3483.77587890625 3481.1357421875 3478.54931640625 3475.93896484375 3473.759765625 3471.8837890625 3469.8310546875 3467.5224609375 3465.2529296875 3463.1787109375 3461.013671875 3458.64916992188 3456.2861328125 3454.0087890625 3451.29443359375 3448.20068359375 3445.0498046875 3441.66040039062 3439.17065429688 3439.1240234375 3439.74755859375 3440.44921875 3441.28344726562 3442.06713867188 3442.73461914062 3443.3671875 3443.87475585938 3444.21630859375 3444.36865234375 3444.37475585938 3444.19775390625 3443.85083007812 3443.31323242188
-3.4e+38 -3.4e+38 -3.4e+38 -3.4e+38 -3.4e+38 -3.4e+38 -3.4e+38 -3.4e+38 -3.4e+38 -3.4e+38 -3.4e+38 -3.4e+38 3485.37963867188 3483.02416992188 3480.12841796875 3477.54223632812 3475.11059570312 3472.72314453125 3470.65771484375 3468.77392578125 3466.70190429688 3464.32739257812 3461.94165039062 3459.76904296875 3457.4765625 3455.02661132812 3452.6337890625 3450.27416992188 3447.40551757812 3444.15161132812 3441.04760742188 3438.0478515625 3435.42041015625 3434.39892578125 3434.78442382812 3435.57006835938 3436.62329101562 3437.53149414062 3438.248046875 3439.00463867188 3439.755859375 3440.37109375 3440.755859375 3440.80834960938 3440.63891601562 3440.435546875 3439.96850585938
-3.4e+38 -3.4e+38 -3.4e+38 -3.4e+38 -3.4e+38 -3.4e+38 -3.4e+38 -3.4e+38 -3.4e+38 -3.4e+38 -3.4e+38 3483.00219726562 3481.52294921875 3479.208984375 3476.57543945312 3474.27709960938 3472.06762695312 3469.75366210938 3467.65356445312 3465.73486328125 3463.51025390625 3461.00756835938 3458.57934570312 3456.37622070312 3453.9951171875 3451.49462890625 3449.1982421875 3446.8359375 3443.9013671875 3440.7041015625 3437.72436523438 3434.78149414062 3431.6640625 3429.57177734375 3429.64453125 3430.89916992188 3432.19702148438 3433.27294921875 3434.19604492188 3435.078125 3435.88623046875 3436.53295898438 3436.9267578125 3437.01342773438 3436.8896484375 3436.693359375 3436.25073242188
-3.4e+38 -3.4e+38 -3.4e+38 -3.4e+38 -3.4e+38 -3.4e+38 -3.4e+38 -3.4e+38 -3.4e+38 -3.4e+38 3480.79516601562 3479.87548828125 3478.22045898438 3475.98999023438 3473.52734375 3471.33959960938 3469.16015625 3466.87646484375 3464.67602539062 3462.50512695312 3460.08569335938 3457.56298828125 3455.18798828125 3452.99731445312 3450.69946289062 3448.29370117188 3445.99877929688 3443.61572265625 3440.7060546875 3437.52954101562 3434.59155273438 3431.55004882812 3428.2919921875 3426.17919921875 3425.90161132812 3426.71655273438 3427.93823242188 3429.21142578125 3430.31176757812 3431.30322265625 3432.09008789062 3432.59936523438 3432.93041992188 3433.0546875 3432.96752929688 3432.71533203125 3432.32592773438
-3.4e+38 -3.4e+38 -3.4e+38 -3.4e+38 -3.4e+38 -3.4e+38 -3.4e+38 -3.4e+38 -3.4e+38 -3.4e+38 3478.55102539062 3477.31372070312 3475.44018554688 3473.04467773438 3470.6103515625 3468.41381835938 3466.21142578125 3463.78881835938 3461.29711914062 3458.923828125 3456.45336914062 3454.00317382812 3451.7958984375 3449.77514648438 3447.5478515625 3445.234375 3443.07373046875 3440.734375 3437.82299804688 3434.6337890625 3431.7587890625 3428.81982421875 3425.52905273438 3423.1123046875 3422.19799804688 3422.40405273438 3423.44458007812 3424.82153320312 3426.046875 3427.37768554688 3428.42846679688 3428.85009765625 3429.12841796875 3429.296875 3429.17919921875 3428.85864257812 3428.42431640625
-3.4e+38 -3.4e+38 -3.4e+38 -3.4e+38 -3.4e+38 -3.4e+38 -3.4e+38 -3.4e+38 -3.4e+38 3477.04760742188 3476.32397460938 3474.55908203125 3472.50415039062 3469.939453125 3467.45092773438 3465.29223632812 3462.87622070312 3460.1015625 3457.43774414062 3455.0751953125 3452.72290039062 3450.51611328125 3448.52197265625 3446.67749023438 3444.54467773438 3442.29638671875 3440.22436523438 3437.93334960938 3435.01220703125 3431.97607421875 3429.26318359375 3426.41088867188 3423.0244140625 3419.74853515625 3417.89526367188 3417.83520507812 3418.79052734375 3419.94653320312 3421.02270507812 3422.10791015625 3422.9541015625 3423.42578125 3423.79541015625 3423.990234375 3423.86083984375 3423.50927734375 3422.98193359375
-3.4e+38 -3.4e+38 -3.4e+38 -3.4e+38 -3.4e+38 -3.4e+38 -3.4e+38 -3.4e+38 -3.4e+38 3474.42211914062 3473.2001953125 3471.35009765625 3469.19775390625 3466.69677734375 3464.17895507812 3461.669921875 3458.92846679688 3455.97631835938 3453.42211914062 3451.34252929688 3449.25439453125 3447.2197265625 3445.41162109375 3443.65795898438 3441.54321289062 3439.3017578125 3437.27758789062 3435.1171875 3432.47338867188 3429.71142578125 3426.92944335938 3423.75561523438 3420.06616210938 3416.68041992188 3414.65283203125 3414.12817382812 3414.5830078125 3415.23217773438 3415.91186523438 3416.4189453125 3416.65649414062 3416.83813476562 3416.9580078125 3417.04125976562 3417.04907226562 3416.9541015625 3416.65380859375
-3.4e+38 -3.4e+38 -3.4e+38 -3.4e+38 -3.4e+38 -3.4e+38 -3.4e+38 -3.4e+38 -3.4e+38 3471.41064453125 3469.78979492188 3467.95922851562 3465.83276367188 3463.11206054688 3459.9609375 3456.94311523438 3454.30322265625 3451.94555664062 3449.71533203125 3447.81958007812 3445.89038085938 3444.09985351562 3442.50219726562 3440.73461914062 3438.54467773438 3436.31372070312 3434.34887695312 3432.27221679688 3429.84521484375 3427.23583984375 3424.39892578125 3421.18115234375 3417.70483398438 3414.4833984375 3412.33056640625 3411.26904296875 3410.9912109375 3411.05395507812 3411.3291015625 3411.5546875 3411.55834960938 3411.59106445312 3411.61889648438 3411.64208984375 3411.6923828125 3411.67456054688 3411.48999023438
-3.4e+38 -3.4e+38 -3.4e+38 -3.4e+38 -3.4e+38 -3.4e+38 -3.4e+38 -3.4e+38 -3.4e+38 3468.39672851562 3466.69677734375 3464.732421875 3462.03393554688 3458.64697265625 3455.23559570312 3452.35327148438 3449.9755859375 3448.02026367188 3446.08935546875 3444.38452148438 3442.62451171875 3440.8818359375 3439.2744140625 3437.56494140625 3435.41625976562 3433.30224609375 3431.53271484375 3429.6005859375 3427.05102539062 3424.25219726562 3421.62646484375 3418.88623046875 3415.75927734375 3412.64038085938 3410.12084960938 3408.09643554688 3406.99975585938 3406.83935546875 3406.99267578125 3407.11938476562 3407.17993164062 3407.24877929688 3407.32690429688 3407.37548828125 3407.416015625 3407.4248046875 3407.28857421875
-3.4e+38 -3.4e+38 -3.4e+38 -3.4e+38 -3.4e+38 -3.4e+38 -3.4e+38 -3.4e+38 3466.33618164062 3465.47778320312 3463.33764648438 3460.55224609375 3457.19506835938 3453.67358398438 3450.75561523438 3448.37036132812 3446.1484375 3444.16430664062 3442.45190429688 3440.81494140625 3439.03295898438 3437.28247070312 3435.62866210938 3433.966796875 3432.037109375 3430.14135742188 3428.59594726562 3426.697265625 3423.935546875 3421.1533203125 3418.755859375 3416.26904296875 3413.37109375 3410.28125 3407.548828125 3404.95751953125 3403.17749023438 3402.75659179688 3402.78442382812 3402.8369140625 3402.92578125 3403.01000976562 3403.09716796875 3403.17822265625 3403.248046875 3403.31982421875 3403.23486328125
-3.4e+38 -3.4e+38 -3.4e+38 -3.4e+38 -3.4e+38 -3.4e+38 -3.4e+38 -3.4e+38 3462.90966796875 3461.29516601562 3458.50024414062 3455.30493164062 3452.078125 3449.01171875 3446.4482421875 3444.38427734375 3442.32739257812 3440.34057617188 3438.59545898438 3436.94458007812 3435.18237304688 3433.44995117188 3431.86840820312 3430.29541015625 3428.48852539062 3426.57275390625 3424.8505859375 3422.87744140625 3420.45556640625 3418.04833984375 3415.7353515625 3413.33203125 3410.619140625 3407.76782226562 3405.10375976562 3402.25439453125 3399.90307617188 3398.865234375 3398.494140625 3398.44262695312 3398.46875 3398.49267578125 3398.53686523438 3398.6279296875 3398.69848632812 3398.74194335938 3398.6796875
