MCO_data_requests/covino_4_2_2020/subwatershed_outputs/lex_flow_accumulation_utm_10m.asc
NCOLS 162 
NROWS 131 
XLLCORNER 419591.519902415 
YLLCORNER 4416017.22541033 
CELLSIZE 10 
NODATA_value -3.4e+38 
[rows 63 to 83 of 131, columns 0 to 46 of 162]
-3.4e+38 -3.4e+38 100 100 204.216262817383 307.127014160156 403.339721679688 501.663299560547 598.49365234375 686.320190429688 782.008666992188 879.421813964844 971.739318847656 1073.05419921875 1176.27307128906 1265.8203125 1356.18359375 1452.19543457031 1522.59387207031 1614.24255371094 1791.98718261719 2031.88342285156 2484.48266601562 3493.98803710938 6166.60205078125 15862.4912109375 25433.126953125 12194.57421875 4056.60278320312 3300.6923828125 3118.58422851562 2952.22290039062 2299.06616210938 1912.28845214844 1796.87084960938 1691.94067382812 1580.16857910156 1395.09045410156 1323.86853027344 1285.3212890625 1175.25805664062 1498.79943847656 3857.390625 74997.640625 20954.26953125 6112.44677734375 6403.65380859375
-3.4e+38 -3.4e+38 100 100 103.992652893066 102.714477539062 205.476348876953 309.191741943359 410.929504394531 514.52978515625 624.831848144531 738.9892578125 847.431945800781 941.885925292969 1028.21166992188 1116.2119140625 1203.56848144531 1299.12524414062 1411.57165527344 1532.08666992188 1644.68969726562 1744.22631835938 1882.55310058594 2208.30322265625 2916.39916992188 5357.20947265625 16106.6181640625 42440.9765625 8721.41796875 3897.0234375 3641.3623046875 3138.998046875 2423.6728515625 1980.07739257812 1871.46105957031 1737.26879882812 1611.56030273438 1330.19348144531 1200.66162109375 1391.17810058594 1296.89270019531 1358.83874511719 3881.6494140625 81201.5390625 18269.72265625 6421.02490234375 6617.91552734375
-3.4e+38 -3.4e+38 100 303.992645263672 100 200.695846557617 303.097991943359 403.334899902344 504.303985595703 601.865417480469 693.901245117188 783.799865722656 875.686950683594 978.409301757812 1080.38391113281 1184.78771972656 1282.94519042969 1376.76721191406 1476.33227539062 1563.03405761719 1664.13610839844 1761.25720214844 1869.60925292969 2072.19897460938 2412.431640625 2902.8232421875 3533.66552734375 9208.87109375 49495.83984375 18348.44140625 5364.4052734375 3409.1201171875 2600.46166992188 2048.58447265625 1920.94079589844 1723.64465332031 1526.82495117188 1312.71459960938 1252.01391601562 1370.92687988281 1451.85925292969 1512.59741210938 3609.36694335938 84723.2578125 18081.927734375 7305.25439453125 6737.00048828125
-3.4e+38 -3.4e+38 -3.4e+38 100 100 199.882629394531 301.97705078125 405.751617431641 507.483062744141 611.3955078125 712.340759277344 814.486206054688 910.689147949219 1011.40716552734 1123.82092285156 1235.27075195312 1349.57360839844 1445.25280761719 1516.51477050781 1593.47778320312 1671.98156738281 1746.66271972656 1828.86254882812 1909.22436523438 2025.92126464844 2230.982421875 2399.35180664062 2838.84545898438 6490.70947265625 47524.75390625 43192.09765625 5211.1826171875 3105.1728515625 2231.92211914062 2001.94421386719 1846.68469238281 1500.47277832031 1188.5302734375 1247.57189941406 1465.68969726562 1533.33154296875 1647.45520019531 3531.26684570312 88712.9609375 17958.564453125 7204.5712890625 6939.71484375
-3.4e+38 -3.4e+38 -3.4e+38 100 100 199.021987915039 291.671752929688 386.657989501953 484.405609130859 575.038940429688 645.413024902344 718.59814453125 802.7958984375 881.827331542969 968.026611328125 1064.57543945312 1172.57409667969 1273.369140625 1361.00268554688 1466.87219238281 1552.29479980469 1646.84558105469 1767.26281738281 1885.03759765625 1985.44677734375 2053.490234375 2096.58203125 2120.3203125 2188.23803710938 2509.28979492188 28078.912109375 52158.51953125 4415.20361328125 2786.5400390625 2211.58813476562 2021.23388671875 1574.53942871094 1024.09375 1125.93994140625 1529.69970703125 1572.7109375 1781.86779785156 4029.4501953125 95330.875 15229.0576171875 7329.9970703125 6696.537109375
-3.4e+38 -3.4e+38 -3.4e+38 100 100 199.829650878906 298.827728271484 393.286651611328 483.006195068359 564.954772949219 649.087768554688 725.55419921875 808.347961425781 894.512451171875 975.662048339844 1052.63244628906 1121.26782226562 1187.92065429688 1265.67309570312 1359.01611328125 1474.51525878906 1572.83935546875 1669.2529296875 1758.96508789062 1851.18334960938 1893.88562011719 1853.35656738281 1751.97143554688 1711.19799804688 1775.24951171875 2178.33374023438 24411.623046875 60089.36328125 3897.638671875 2436.11474609375 2300.0810546875 1723.18322753906 1101.43200683594 1015.79608154297 1359.48876953125 1547.84460449219 1893.40490722656 4681.359375 101920.8359375 12950.8408203125 7117.28759765625 6472.244140625
-3.4e+38 -3.4e+38 -3.4e+38 100 100 199.256057739258 295.200805664062 392.770751953125 485.914947509766 574.578247070312 646.859924316406 712.685180664062 777.826721191406 855.192565917969 947.403137207031 1036.75317382812 1109.43017578125 1172.3291015625 1234.3720703125 1315.35827636719 1388.52514648438 1464.34606933594 1547.94848632812 1640.81860351562 1712.25988769531 1727.12463378906 1656.61791992188 1557.64990234375 1563.75231933594 1664.74035644531 1793.42370605469 2069.1748046875 21172.466796875 67472.1953125 3432.51025390625 2588.17114257812 2003.38891601562 1283.255859375 1010.90100097656 1106.61120605469 1456.28820800781 1980.69604492188 5223.853515625 106258.703125 12786.4267578125 7425.71630859375 6066.60595703125
-3.4e+38 -3.4e+38 -3.4e+38 100 100 194.620834350586 283.962432861328 355.393157958984 421.664489746094 492.395355224609 579.444763183594 672.658569335938 757.605102539062 817.868408203125 839.401062011719 863.651184082031 900.348388671875 935.587097167969 1004.70123291016 1042.84594726562 1071.04797363281 1142.39660644531 1230.78442382812 1325.40307617188 1424.43737792969 1500.11962890625 1580.87133789062 1673.78271484375 1750.14782714844 1843.71240234375 1911.61865234375 1908.75720214844 2102.87060546875 17939.08984375 75456.2265625 3773.62133789062 2052.92431640625 1243.45373535156 1130.75170898438 1032.14135742188 1226.11804199219 2010.98022460938 5791.9619140625 110602.75 12744.875 7395.57177734375 5898.4638671875
-3.4e+38 -3.4e+38 -3.4e+38 100 100 194.80339050293 282.441986083984 361.900329589844 436.885772705078 520.583374023438 615.724304199219 719.528259277344 815.225524902344 882.593994140625 915.124816894531 959.581787109375 1037.56811523438 1101.59423828125 1099.12683105469 1144.07983398438 1190.06408691406 1227.78564453125 1288.67077636719 1394.04272460938 1503.7998046875 1600.40966796875 1702.92333984375 1802.76318359375 1821.07141113281 1758.07763671875 1702.48303222656 1730.78881835938 1824.35668945312 2192.16186523438 14130.38671875 81444.453125 2545.798828125 1346.01245117188 1191.40344238281 1101.35034179688 1027.45288085938 1716.43701171875 6736.5712890625 116471.4140625 11375.861328125 6979.0419921875 5746.75439453125
-3.4e+38 -3.4e+38 -3.4e+38 100 100 194.449981689453 289.814849853516 390.734191894531 477.875701904297 563.422668457031 662.862731933594 762.921691894531 850.748657226562 920.698364257812 1005.86566162109 1108.31359863281 1191.94030761719 1276.69946289062 1329.52648925781 1300.13049316406 1321.54296875 1392.58996582031 1461.58801269531 1521.62292480469 1609.6083984375 1703.74890136719 1754.60791015625 1777.23107910156 1811.55773925781 1773.23022460938 1743.28198242188 1795.77368164062 1892.94506835938 2013.05261230469 2413.92431640625 16482.517578125 79851.4375 1942.93188476562 1500.89416503906 1164.44982910156 900.49658203125 1445.57080078125 7455.189453125 121517.9453125 10564.21484375 6643.5615234375 5546.7275390625
-3.4e+38 -3.4e+38 -3.4e+38 100 100 191.850387573242 283.913269042969 382.388336181641 479.318328857422 567.288452148438 654.468994140625 754.607788085938 829.203430175781 922.484497070312 1033.71960449219 1112.67114257812 1187.44616699219 1251.05871582031 1344.74597167969 1462.43493652344 1530.42272949219 1566.95910644531 1644.68054199219 1729.21887207031 1828.79541015625 1913.64404296875 1965.63134765625 1958.30578613281 1921.70849609375 1848.90063476562 1806.34008789062 1833.55883789062 1907.54943847656 2017.6689453125 2193.42138671875 2796.99145507812 19116.474609375 88546.1875 2492.98315429688 1209.34387207031 857.624938964844 1307.01477050781 7745.73291015625 125374.7578125 10712.494140625 6483.33642578125 5496.39501953125
-3.4e+38 -3.4e+38 -3.4e+38 100 100 190.342483520508 276.203338623047 373.191040039062 469.806518554688 525.372009277344 523.435363769531 545.556274414062 658.244812011719 778.506652832031 893.465209960938 1021.11883544922 1145.98376464844 1274.62329101562 1395.04333496094 1481.35229492188 1523.12609863281 1541.689453125 1575.15197753906 1642.31774902344 1685.98168945312 1751.3193359375 1840.16491699219 1990.81481933594 2025.15197753906 2051.5966796875 2109.552734375 2154.56860351562 2232.15258789062 2331.99829101562 2430.34008789062 2639.26733398438 3302.3466796875 14711.8984375 97780.5078125 2209.42138671875 1055.50769042969 1350.54296875 8336.232421875 129060.71875 10561.6826171875 6442.31884765625 5130.77880859375
-3.4e+38 -3.4e+38 -3.4e+38 100 100 188.59895324707 269.519592285156 331.358856201172 407.903289794922 498.042724609375 576.210632324219 617.718383789062 654.096069335938 749.620422363281 856.784057617188 941.849609375 1046.79370117188 1136.82702636719 1214.82995605469 1329.73486328125 1466.56506347656 1490.65576171875 1426.65625 1359.72253417969 1374.44641113281 1336.69567871094 1424.58618164062 1521.92431640625 1636.47692871094 1772.181640625 1889.759765625 1969.88195800781 2057.470703125 2138.33911132812 2204.400390625 2221.9033203125 2178.56713867188 2375.35083007812 8957.810546875 102963.3046875 6090.88916015625 1699.60864257812 20638.69921875 121388.765625 10019.1552734375 6180.06396484375 4694.72998046875
-3.4e+38 -3.4e+38 -3.4e+38 100 100 204.773422241211 283.287109375 344.152984619141 404.262451171875 478.821807861328 588.188720703125 690.029602050781 743.5966796875 787.237854003906 838.001831054688 867.413330078125 851.273315429688 895.606506347656 1026.2138671875 1153.00158691406 1218.82934570312 1310.62341308594 1412.60913085938 1424.56982421875 1316.71508789062 1341.57995605469 1416.66674804688 1475.63269042969 1482.45373535156 1504.72827148438 1566.43786621094 1642.31604003906 1689.69348144531 1738.99975585938 1785.26647949219 1859.94812011719 1921.57763671875 1985.39978027344 2295.03564453125 6640.32958984375 104444.8125 48282.91015625 29738.677734375 116788.828125 10092.685546875 5777.25244140625 4507.43505859375
-3.4e+38 -3.4e+38 -3.4e+38 100 100 201.699661254883 288.688446044922 369.709197998047 454.922576904297 536.674438476562 623.299255371094 693.011169433594 751.860595703125 692.029907226562 678.461608886719 772.721374511719 829.310241699219 844.033447265625 863.76953125 883.165771484375 959.342651367188 1048.74877929688 1143.71899414062 1274.42626953125 1385.05444335938 1419.71044921875 1397.267578125 1398.69055175781 1457.85192871094 1480.80212402344 1495.34155273438 1494.49401855469 1448.83032226562 1451.06665039062 1515.71264648438 1514.08532714844 1535.6572265625 1611.82763671875 1682.92407226562 1794.20849609375 3161.453125 65266.48046875 78284.0859375 124220.8359375 10120.962890625 5633.90576171875 4614.82861328125
-3.4e+38 -3.4e+38 -3.4e+38 100 100 196.971099853516 296.320068359375 392.965759277344 489.610656738281 571.5625 644.099548339844 711.545837402344 765.311889648438 819.099243164062 830.274475097656 845.73095703125 912.3359375 926.7451171875 877.271850585938 824.340270996094 831.99951171875 886.149047851562 974.94287109375 1113.95275878906 1246.40673828125 1328.78527832031 1378.52270507812 1400.88562011719 1470.16796875 1581.08190917969 1640.193359375 1659.17687988281 1661.43530273438 1653.40844726562 1584.7099609375 1597.31115722656 1641.24645996094 1699.51647949219 1740.37683105469 1769.392578125 1796.73974609375 2539.45190429688 86567.3828125 180258.953125 11160.43359375 5737.3349609375 4618.47607421875
-3.4e+38 -3.4e+38 -3.4e+38 100 100 191.942596435547 301.992919921875 403.98779296875 466.019622802734 527.589721679688 605.951904296875 691.674621582031 770.855712890625 850.754150390625 938.163452148438 984.513977050781 1009.59136962891 1025.45715332031 1039.61889648438 1010.60040283203 925.370239257812 917.587158203125 1007.59942626953 1100.18579101562 1200.70812988281 1293.39453125 1377.08569335938 1454.7421875 1511.85803222656 1611.48620605469 1689.41979980469 1761.35290527344 1824.63891601562 1813.9013671875 1803.13049316406 1715.95324707031 1676.33288574219 1726.708984375 1760.41320800781 1691.49365234375 1784.23706054688 1990.01977539062 2882.3056640625 244580.8125 37698.34375 5894.8203125 4714.68603515625
-3.4e+38 -3.4e+38 -3.4e+38 400 100 150.518920898438 257.563873291016 381.032928466797 492.046447753906 563.399047851562 597.977172851562 653.992553710938 677.350769042969 758.615600585938 917.536254882812 1031.17053222656 1072.59545898438 1137.32580566406 1173.1025390625 1158.01416015625 1112.28527832031 1043.64086914062 1051.65600585938 1126.345703125 1177.77905273438 1213.85083007812 1266.40161132812 1371.75646972656 1488.0263671875 1584.25573730469 1700.7958984375 1801.86804199219 1830.08959960938 1835.701171875 1819.96215820312 1804.26440429688 1743.29357910156 1613.12158203125 1461.42309570312 1458.88122558594 1477.23193359375 1588.15856933594 1847.935546875 6890.7294921875 281548.25 6283.67041015625 5149.12890625
-3.4e+38 -3.4e+38 100 100 100 100 230.625915527344 341.221282958984 461.369232177734 562.786743164062 642.417907714844 691.046813964844 730.442993164062 785.496276855469 850.696472167969 939.377380371094 988.037231445312 973.607849121094 1040.07983398438 1204.60583496094 1280.95642089844 1303.20104980469 1273.474609375 1235.92895507812 1216.70690917969 1256.18078613281 1292.40478515625 1343.02014160156 1438.93090820312 1541.79760742188 1637.65588378906 1739.99426269531 1827.427734375 1829.95568847656 1766.62097167969 1715.033203125 1697.568359375 1649 1578.365234375 1490.85546875 1453.10314941406 1490.2353515625 1561.13513183594 1857.41674804688 290705.3125 7841.0791015625 5787.88818359375
-3.4e+38 -3.4e+38 100 100 153.837493896484 173.040771484375 241.378204345703 347.700866699219 454.068572998047 552.928955078125 657.781005859375 697.874328613281 762.244384765625 831.600219726562 837.418273925781 847.013854980469 908.067138671875 962.336853027344 1001.47369384766 1126.72790527344 1294.75109863281 1356.87854003906 1378.85168457031 1311.38012695312 1289.75415039062 1322.947265625 1358.72009277344 1385.30078125 1420.37939453125 1472.41418457031 1506.90637207031 1533.13159179688 1617.24353027344 1748.390625 1804.2626953125 1747.61242675781 1649.09436035156 1561.78442382812 1563.80480957031 1582.63269042969 1597.4296875 1606.16760253906 1656.87048339844 1811.88256835938 227057.0625 77268.90625 6958.32666015625
-3.4e+38 -3.4e+38 100 100 195.879943847656 261.3876953125 327.234802246094 407.128082275391 489.559844970703 564.788696289062 650.644470214844 750.379272460938 811.659729003906 878.846618652344 930.678161621094 905.192443847656 913.177978515625 987.344360351562 1101.72619628906 1166.10546875 1236.17126464844 1356.23889160156 1403.8427734375 1397.58569335938 1420.30688476562 1441.68627929688 1439.29992675781 1396.22192382812 1351.0712890625 1356.32568359375 1348.70935058594 1320.89709472656 1404.82873535156 1565.15124511719 1720.52075195312 1751.1455078125 1623.48596191406 1538.99487304688 1579.68383789062 1657.2119140625 1710.88598632812 1729.68774414062 1740.13195800781 1867.58325195312 3256.60278320312 306796.71875 9040.3076171875
