MCO_data_requests/covino_4_2_2020/subwatershed_outputs/lex_dem_utm_10m.asc
NCOLS 162 
NROWS 131 
XLLCORNER 419591.519902415 
YLLCORNER 4416017.22541033 
CELLSIZE 10 
NODATA_value -3.4e+38 
[rows 42 to 62 of 131, columns 47 to 93 of 162]
3393.67114257812 3393.53100585938 3393.34448242188 3393.00927734375 3392.546875 3392.08349609375 3391.6494140625 3391.20532226562 3390.76904296875 3390.4130859375 3390.07763671875 3389.69091796875 3389.32153320312 3389.03759765625 3388.77807617188 3388.44946289062 3388.03784179688 3387.6474609375 3387.203125 3386.65869140625 3385.9482421875 3385.07275390625 3383.94482421875 3382.55151367188 3381.00244140625 3379.2724609375 3376.87573242188 3373.90502929688 3371.00122070312 3368.06616210938 3364.720703125 3361.15356445312 3358.265625 3356.49975585938 3355.46557617188 3354.615234375 3353.95043945312 3353.2431640625 3352.2802734375 3351.23071289062 3350.13256835938 3348.61206054688 3346.59912109375 3343.96752929688 3340.88989257812 3337.22094726562 -3.4e+38
3389.0419921875 3389.00854492188 3388.91333007812 3388.65844726562 3388.2998046875 3387.90673828125 3387.57055664062 3387.2685546875 3386.96899414062 3386.7802734375 3386.61791992188 3386.42114257812 3386.26782226562 3386.17358398438 3386.048828125 3385.84741210938 3385.61108398438 3385.3349609375 3384.96801757812 3384.44946289062 3383.78393554688 3382.97802734375 3381.96362304688 3380.78515625 3379.31811523438 3377.54565429688 3375.275390625 3372.56372070312 3369.84887695312 3366.96264648438 3363.25268554688 3358.939453125 3355.373046875 3353.32055664062 3352.1591796875 3351.01928710938 3349.99389648438 3348.94482421875 3347.84790039062 3346.67602539062 3345.39208984375 3343.67626953125 3341.87426757812 3340.0927734375 3337.78149414062 3334.693359375 3331.28393554688
3384.6435546875 3384.63037109375 3384.5673828125 3384.42993164062 3384.23608398438 3384.01147460938 3383.8232421875 3383.66918945312 3383.50537109375 3383.4423828125 3383.43603515625 3383.42651367188 3383.43237304688 3383.44750976562 3383.4140625 3383.34155273438 3383.2568359375 3383.12377929688 3382.86059570312 3382.40698242188 3381.81860351562 3381.12524414062 3380.15991210938 3378.91748046875 3377.4921875 3375.8203125 3373.677734375 3371.1767578125 3368.67626953125 3365.82446289062 3361.89428710938 3357.63793945312 3354.09326171875 3351.236328125 3348.73779296875 3346.3935546875 3344.90087890625 3343.93481445312 3343.015625 3341.91625976562 3340.52856445312 3338.86328125 3337.1806640625 3335.75366210938 3334.240234375 3331.59887695312 3328.24169921875
3380.23876953125 3380.23095703125 3380.20556640625 3380.1826171875 3380.14208984375 3380.0849609375 3380.05395507812 3380.01977539062 3380.02001953125 3380.12719726562 3380.28051757812 3380.46142578125 3380.63061523438 3380.7666015625 3380.83032226562 3380.8935546875 3380.970703125 3380.97802734375 3380.81689453125 3380.43115234375 3379.8984375 3379.21875 3378.216796875 3376.86596679688 3375.466796875 3373.93676757812 3371.9736328125 3369.75708007812 3367.50537109375 3364.70532226562 3360.91137695312 3357.05126953125 3353.6328125 3349.9775390625 3345.94458007812 3342.4453125 3340.44946289062 3339.16918945312 3337.91381835938 3336.60302734375 3335.3193359375 3333.86181640625 3332.49389648438 3331.32788085938 3329.998046875 3327.47875976562 3323.85131835938
3375.3896484375 3375.47045898438 3375.55102539062 3375.63793945312 3375.7197265625 3375.82202148438 3375.96655273438 3376.13208007812 3376.35522460938 3376.66064453125 3376.96313476562 3377.28857421875 3377.619140625 3377.84912109375 3378.04565429688 3378.28857421875 3378.50463867188 3378.5869140625 3378.447265625 3378.09326171875 3377.568359375 3376.87622070312 3375.88793945312 3374.62768554688 3373.28735351562 3371.93505859375 3370.25903320312 3368.30786132812 3366.26733398438 3363.49975585938 3359.9169921875 3356.54150390625 3353.14111328125 3349.01977539062 3344.55126953125 3340.6064453125 3337.318359375 3334.31860351562 3332.24682617188 3330.9296875 3329.69409179688 3328.30493164062 3326.89038085938 3325.4091796875 3323.61059570312 3321.1357421875 3318.55322265625
3370.1064453125 3370.31005859375 3370.49365234375 3370.70336914062 3370.88256835938 3371.08837890625 3371.41284179688 3371.89331054688 3372.39916992188 3372.865234375 3373.31420898438 3373.77978515625 3374.23461914062 3374.583984375 3374.87060546875 3375.17529296875 3375.39990234375 3375.490234375 3375.396484375 3375.08374023438 3374.6416015625 3374.06762695312 3373.1982421875 3372.1650390625 3371.14306640625 3370.13110351562 3368.64794921875 3366.65087890625 3364.6064453125 3362.04931640625 3358.74438476562 3355.482421875 3352.068359375 3348.09521484375 3343.80151367188 3339.3955078125 3334.92431640625 3330.48217773438 3327.11352539062 3324.92333984375 3323.322265625 3321.92651367188 3320.54296875 3319.02587890625 3317.39282226562 3315.56323242188 3313.666015625
3365.11059570312 3365.38598632812 3365.6279296875 3365.90551757812 3366.15991210938 3366.45190429688 3366.89965820312 3367.587890625 3368.2861328125 3368.91381835938 3369.50390625 3370.10375976562 3370.68383789062 3371.14819335938 3371.443359375 3371.6494140625 3371.77416992188 3371.8486328125 3371.79174804688 3371.62060546875 3371.40502929688 3370.998046875 3370.31787109375 3369.56323242188 3368.9892578125 3368.34057617188 3366.95434570312 3364.80590820312 3362.6884765625 3360.349609375 3357.4599609375 3354.19287109375 3350.68286132812 3346.84790039062 3342.6669921875 3337.93872070312 3333.0439453125 3327.97875976562 3322.82592773438 3319.0458984375 3317.26220703125 3316.07666015625 3314.84301757812 3313.68310546875 3312.41870117188 3310.88427734375 3309.15966796875
3360.8447265625 3361.12963867188 3361.37670898438 3361.64038085938 3361.95849609375 3362.3154296875 3362.77294921875 3363.47729492188 3364.24755859375 3364.94946289062 3365.62866210938 3366.35473632812 3367.08178710938 3367.65112304688 3367.9365234375 3368.013671875 3368.080078125 3368.15112304688 3368.13500976562 3368.1015625 3368.07446289062 3367.88940429688 3367.47412109375 3366.95483398438 3366.50952148438 3366.01953125 3364.87231445312 3362.83447265625 3360.67504882812 3358.46020507812 3356.03491210938 3352.97241210938 3349.21533203125 3345.29907226562 3340.90356445312 3335.95727539062 3331.0615234375 3325.46948242188 3319.72607421875 3315.55737304688 3312.70288085938 3310.48510742188 3309.41967773438 3308.81079101562 3308.07958984375 3306.57836914062 3304.57397460938
3356.88403320312 3357.19213867188 3357.470703125 3357.7685546875 3358.14086914062 3358.49829101562 3358.90063476562 3359.5458984375 3360.2666015625 3360.94970703125 3361.65795898438 3362.47216796875 3363.2392578125 3363.8291015625 3364.19287109375 3364.31103515625 3364.39379882812 3364.48364257812 3364.56103515625 3364.64111328125 3364.72631835938 3364.71215820312 3364.48095703125 3364.13696289062 3363.74243164062 3363.28955078125 3362.27075195312 3360.57104492188 3358.71411132812 3356.63940429688 3354.06176757812 3350.79956054688 3347.330078125 3343.458984375 3338.77685546875 3333.88671875 3328.982421875 3323.04516601562 3317.306640625 3312.76147460938 3308.78564453125 3305.69311523438 3304.2578125 3303.57763671875 3302.77026367188 3301.26025390625 3299.43725585938
3352.7626953125 3353.09399414062 3353.4130859375 3353.8046875 3354.21997070312 3354.56811523438 3354.94311523438 3355.56127929688 3356.2412109375 3356.86376953125 3357.56372070312 3358.35766601562 3359.06591796875 3359.62866210938 3360.12915039062 3360.4326171875 3360.60571289062 3360.74365234375 3360.88330078125 3361.03955078125 3361.14819335938 3361.19555664062 3361.1474609375 3360.94140625 3360.64697265625 3360.30078125 3359.45336914062 3358.25439453125 3356.72412109375 3354.57446289062 3351.52294921875 3348.11450195312 3344.92431640625 3341.193359375 3336.3564453125 3331.44750976562 3326.537109375 3320.67407226562 3315.04174804688 3310.30249023438 3306.11938476562 3302.22924804688 3299.25341796875 3297.62280273438 3296.53515625 3295.21948242188 3293.81274414062
3348.20361328125 3348.54443359375 3348.89477539062 3349.38452148438 3349.94165039062 3350.39721679688 3350.89306640625 3351.52807617188 3352.2080078125 3352.82055664062 3353.47900390625 3354.19360351562 3354.85473632812 3355.466796875 3356.04931640625 3356.455078125 3356.66088867188 3356.84008789062 3357.02783203125 3357.22534179688 3357.38745117188 3357.51708984375 3357.59399414062 3357.62475585938 3357.56567382812 3357.42626953125 3356.98413085938 3356.12084960938 3354.68115234375 3352.11303710938 3348.60766601562 3345.07275390625 3341.89575195312 3338.044921875 3333.32202148438 3328.59692382812 3323.8056640625 3318.29614257812 3312.87329101562 3308.25903320312 3304.05859375 3299.58032226562 3295.25732421875 3292.37475585938 3290.591796875 3289.01635742188 3287.74291992188
3343.49194335938 3343.791015625 3344.1181640625 3344.6923828125 3345.45434570312 3346.08715820312 3346.77270507812 3347.4912109375 3348.173828125 3348.787109375 3349.439453125 3350.10205078125 3350.7275390625 3351.32299804688 3351.91284179688 3352.38793945312 3352.69580078125 3352.95092773438 3353.22802734375 3353.53759765625 3353.79809570312 3353.9892578125 3354.20483398438 3354.38647460938 3354.54248046875 3354.69116210938 3354.52221679688 3353.49560546875 3351.712890625 3348.97241210938 3345.40771484375 3341.83911132812 3338.45825195312 3334.669921875 3330.3017578125 3325.69653320312 3321.16723632812 3316.00219726562 3310.68334960938 3306.22875976562 3302.04028320312 3297.41430664062 3292.63208007812 3288.10522460938 3284.48217773438 3282.50170898438 3281.43872070312
3339.31762695312 3339.60595703125 3339.93115234375 3340.52392578125 3341.28344726562 3341.9638671875 3342.671875 3343.45092773438 3344.17749023438 3344.75903320312 3345.35498046875 3345.94750976562 3346.5546875 3347.09936523438 3347.671875 3348.21704101562 3348.62670898438 3349.0185546875 3349.43969726562 3349.9541015625 3350.43823242188 3350.86865234375 3351.27685546875 3351.5693359375 3351.76416015625 3351.82250976562 3351.34790039062 3350.09912109375 3348.21826171875 3345.56005859375 3342.05786132812 3338.29296875 3334.74267578125 3330.96997070312 3326.826171875 3322.42919921875 3318.13598632812 3313.45947265625 3308.53100585938 3304.20361328125 3300.02124023438 3295.31298828125 3289.9833984375 3284.59545898438 3279.68212890625 3275.76318359375 3273.97192382812
3335.6689453125 3336.01293945312 3336.40747070312 3337.00366210938 3337.6796875 3338.29907226562 3338.98046875 3339.74560546875 3340.42749023438 3340.93090820312 3341.4482421875 3341.98559570312 3342.484375 3342.92700195312 3343.41845703125 3343.93627929688 3344.44995117188 3344.921875 3345.43359375 3346.06811523438 3346.79516601562 3347.56176757812 3348.39770507812 3348.94799804688 3348.97216796875 3348.52807617188 3347.6015625 3346.24047851562 3344.66259765625 3342.18286132812 3338.283203125 3334.30322265625 3330.77905273438 3327.16088867188 3323.1982421875 3319.134765625 3315.12890625 3310.87109375 3306.38720703125 3301.96850585938 3297.57153320312 3292.576171875 3286.80590820312 3281.11889648438 3275.0400390625 3269.35498046875 3266.23413085938
3332.10961914062 3332.49780273438 3333.03540039062 3333.71362304688 3334.36645507812 3334.93896484375 3335.58959960938 3336.306640625 3336.9267578125 3337.43212890625 3337.96533203125 3338.53857421875 3339.01904296875 3339.47192382812 3339.94409179688 3340.41381835938 3340.91821289062 3341.36279296875 3341.82470703125 3342.42138671875 3343.2177734375 3344.41650390625 3345.83569335938 3346.51123046875 3346.3671875 3345.67407226562 3344.5166015625 3342.96875 3340.9921875 3338.02978515625 3333.99389648438 3330.19848632812 3326.98999023438 3323.52880859375 3319.8369140625 3316.052734375 3312.080078125 3307.8642578125 3303.52709960938 3299.22705078125 3294.63818359375 3289.13720703125 3283.18334960938 3277.52465820312 3271.18896484375 3264.66650390625 3259.6611328125
3328.76708984375 3329.17114257812 3329.724609375 3330.388671875 3331.0341796875 3331.63305664062 3332.27197265625 3332.97387695312 3333.58251953125 3334.13720703125 3334.73583984375 3335.32153320312 3335.83203125 3336.34399414062 3336.89013671875 3337.45458984375 3337.92211914062 3338.3916015625 3338.99780273438 3339.7001953125 3340.63159179688 3342.09741210938 3343.67163085938 3344.31469726562 3344.10302734375 3343.29956054688 3341.57568359375 3339.37841796875 3336.89575195312 3333.54443359375 3329.7421875 3326.46508789062 3323.55712890625 3320.16650390625 3316.35791015625 3312.58081054688 3308.68701171875 3304.41845703125 3300.11645507812 3295.99755859375 3291.32080078125 3285.57446289062 3279.63452148438 3274.15234375 3267.97241210938 3261.28344726562 3255.7255859375
3325.5693359375 3326.0068359375 3326.56323242188 3327.19604492188 3327.8525390625 3328.4755859375 3329.09057617188 3329.73852539062 3330.33911132812 3330.89721679688 3331.54125976562 3332.25415039062 3332.87377929688 3333.39697265625 3333.96020507812 3334.548828125 3335.06787109375 3335.67456054688 3336.43627929688 3337.3525390625 3338.43725585938 3339.96533203125 3341.45727539062 3341.81323242188 3341.32641601562 3340.11059570312 3337.78881835938 3335.08447265625 3332.51025390625 3329.38745117188 3325.8740234375 3322.90942382812 3320.21215820312 3316.75463867188 3312.63208007812 3308.8818359375 3305.10546875 3300.78295898438 3296.45703125 3292.40966796875 3287.75708007812 3282.05615234375 3276.22241210938 3270.89404296875 3264.87133789062 3258.3330078125 3252.73681640625
3322.38134765625 3322.82250976562 3323.42358398438 3324.1318359375 3324.83129882812 3325.447265625 3326.0791015625 3326.759765625 3327.35498046875 3327.94262695312 3328.62133789062 3329.28173828125 3329.90795898438 3330.47241210938 3331.07080078125 3331.74975585938 3332.29858398438 3332.904296875 3333.89672851562 3335.19677734375 3336.27514648438 3337.40869140625 3338.27661132812 3338.0634765625 3337.14770507812 3335.4560546875 3333.064453125 3330.50317382812 3328.06665039062 3325.15478515625 3321.9375 3319.10864257812 3316.39697265625 3312.88745117188 3308.884765625 3305.20483398438 3301.40454101562 3297.06762695312 3292.6845703125 3288.58544921875 3284.03051757812 3278.42895507812 3272.55908203125 3267.29443359375 3261.52856445312 3255.4189453125 3249.98950195312
3319.11328125 3319.65063476562 3320.39965820312 3321.19921875 3321.90576171875 3322.54638671875 3323.24462890625 3323.94262695312 3324.55883789062 3325.16748046875 3325.83715820312 3326.52416992188 3327.1318359375 3327.73950195312 3328.3671875 3329.01196289062 3329.552734375 3330.19360351562 3331.43774414062 3333.0263671875 3334.12353515625 3334.70263671875 3334.6044921875 3333.96313476562 3332.91772460938 3331.06884765625 3328.70581054688 3326.27416992188 3323.79418945312 3320.90161132812 3317.82250976562 3315.10034179688 3312.296875 3308.76342773438 3305.00732421875 3301.46533203125 3297.6376953125 3293.216796875 3288.69091796875 3284.45825195312 3279.78051757812 3274.2197265625 3268.70288085938 3263.77392578125 3258.37280273438 3252.79125976562 3247.763671875
3316.22827148438 3316.72631835938 3317.4404296875 3318.23559570312 3319.02270507812 3319.72387695312 3320.44067382812 3321.17016601562 3321.83715820312 3322.48120117188 3323.16479492188 3323.84765625 3324.49438476562 3325.14428710938 3325.82641601562 3326.47119140625 3327.09985351562 3327.9423828125 3329.40844726562 3331.09765625 3332.1611328125 3332.4365234375 3331.97827148438 3330.91333007812 3329.3828125 3327.23681640625 3324.71899414062 3322.2021484375 3319.64282226562 3316.7822265625 3313.84594726562 3311.18896484375 3308.318359375 3304.70581054688 3300.96801757812 3297.59716796875 3293.7998046875 3289.17456054688 3284.48901367188 3280.01147460938 3274.95849609375 3269.62475585938 3264.93627929688 3260.58447265625 3255.53344726562 3250.33935546875 3245.60424804688
3313.5048828125 3314.06567382812 3314.75927734375 3315.5107421875 3316.26953125 3316.98876953125 3317.7109375 3318.44799804688 3319.15747070312 3319.8642578125 3320.5576171875 3321.22998046875 3321.88403320312 3322.53442382812 3323.2890625 3324.09765625 3324.89721679688 3325.90844726562 3327.41259765625 3329.04223632812 3330.08251953125 3330.13037109375 3329.23803710938 3327.833984375 3325.92724609375 3323.49462890625 3320.8017578125 3318.22607421875 3315.7490234375 3312.95190429688 3310.03149414062 3307.33715820312 3304.35888671875 3300.60791015625 3296.82885742188 3293.44921875 3289.6015625 3284.87866210938 3279.966796875 3275.123046875 3270.05688476562 3265.3564453125 3261.3037109375 3257.38647460938 3252.64868164062 3247.62768554688 3242.96166992188
