MCO_data_requests/covino_4_2_2020/subwatershed_outputs/lex_dem_utm_10m.asc
NCOLS 162 
NROWS 131 
XLLCORNER 419591.519902415 
YLLCORNER 4416017.22541033 
CELLSIZE 10 
NODATA_value -3.4e+38 
[rows 42 to 62 of 131, columns 0 to 46 of 162]
-3.4e+38 -3.4e+38 -3.4e+38 -3.4e+38 -3.4e+38 -3.4e+38 3461.046875 3459.9970703125 3458.328125 3455.97973632812 3453.001953125 3450.13500976562 3447.21899414062 3444.42944335938 3442.12255859375 3440.1689453125 3438.1416015625 3436.14624023438 3434.42065429688 3432.80297851562 3431.07202148438 3429.46215820312 3428.0205078125 3426.36938476562 3424.34448242188 3422.32177734375 3420.49340820312 3418.61547851562 3416.67041015625 3414.81176757812 3412.76220703125 3410.40209960938 3407.86938476562 3405.31567382812 3402.65112304688 3399.46435546875 3396.41723632812 3394.51245117188 3393.87939453125 3393.82250976562 3393.81372070312 3393.78149414062 3393.75024414062 3393.77807617188 3393.79736328125 3393.79541015625 3393.76708984375
-3.4e+38 -3.4e+38 -3.4e+38 -3.4e+38 -3.4e+38 -3.4e+38 3457.6015625 3455.8330078125 3453.90161132812 3451.14916992188 3448.05346679688 3445.09130859375 3442.16796875 3439.62036132812 3437.47192382812 3435.57104492188 3433.5576171875 3431.6416015625 3430.01538085938 3428.46020507812 3426.70629882812 3425.02368164062 3423.50317382812 3421.78955078125 3419.71557617188 3417.72509765625 3416.09130859375 3414.60375976562 3413.03979492188 3411.43994140625 3409.72119140625 3407.5947265625 3405.20239257812 3402.56591796875 3399.55029296875 3396.06201171875 3392.76293945312 3390.49731445312 3389.5517578125 3389.33642578125 3389.259765625 3389.18603515625 3389.12475585938 3389.10986328125 3389.1044921875 3389.08471679688 3389.056640625
-3.4e+38 -3.4e+38 -3.4e+38 -3.4e+38 -3.4e+38 3456.72143554688 3454.65234375 3452.41528320312 3449.68212890625 3446.44653320312 3443.17651367188 3440.19702148438 3437.20068359375 3434.564453125 3432.48364257812 3430.7001953125 3428.78857421875 3426.86572265625 3425.201171875 3423.61889648438 3421.81176757812 3420.04418945312 3418.55688476562 3417.01025390625 3415.216796875 3413.580078125 3412.28759765625 3411.0341796875 3409.61206054688 3408.12573242188 3406.66967773438 3404.75317382812 3402.0693359375 3399.01171875 3395.88256835938 3392.51684570312 3389.3564453125 3387.01318359375 3385.55493164062 3384.9365234375 3384.78881835938 3384.71875 3384.69506835938 3384.68798828125 3384.68579101562 3384.67163085938 3384.64624023438
-3.4e+38 -3.4e+38 -3.4e+38 -3.4e+38 -3.4e+38 3454.21850585938 3451.58569335938 3448.45751953125 3444.99389648438 3441.44677734375 3438.19262695312 3435.2314453125 3432.10546875 3429.2724609375 3427.22705078125 3425.46557617188 3423.49975585938 3421.5400390625 3419.90795898438 3418.29907226562 3416.578125 3415.07055664062 3413.80883789062 3412.52587890625 3411.07250976562 3409.77709960938 3408.70141601562 3407.62573242188 3406.44116210938 3405.06494140625 3403.48193359375 3401.11450195312 3397.91040039062 3394.7587890625 3392.00073242188 3389.05346679688 3386.03833007812 3383.42602539062 3381.34399414062 3380.38452148438 3380.23901367188 3380.18115234375 3380.18603515625 3380.19384765625 3380.20458984375 3380.21728515625 3380.2294921875
-3.4e+38 -3.4e+38 -3.4e+38 -3.4e+38 -3.4e+38 3450.67846679688 3447.06225585938 3443.37524414062 3439.84838867188 3436.4033203125 3433.2158203125 3430.29223632812 3427.14965820312 3424.25219726562 3422.0302734375 3419.9365234375 3417.76708984375 3415.98876953125 3414.54858398438 3413.16162109375 3411.69409179688 3410.40991210938 3409.33666992188 3408.22338867188 3407.04077148438 3405.98754882812 3405.06030273438 3404.14990234375 3403.02172851562 3401.35961914062 3399.15747070312 3396.23364257812 3393.02734375 3390.408203125 3388.16821289062 3385.55322265625 3382.60473632812 3379.78271484375 3377.08959960938 3375.353515625 3374.8740234375 3374.84619140625 3374.93090820312 3375.03735351562 3375.15087890625 3375.232421875 3375.31127929688
-3.4e+38 -3.4e+38 -3.4e+38 -3.4e+38 -3.4e+38 3445.81909179688 3441.7998046875 3438.19140625 3434.7724609375 3431.28100585938 3428.17944335938 3425.3583984375 3422.24951171875 3419.3564453125 3417.005859375 3414.82788085938 3412.65673828125 3410.86499023438 3409.5166015625 3408.3076171875 3407.05249023438 3405.89282226562 3404.92602539062 3403.91284179688 3402.83129882812 3401.79614257812 3400.82836914062 3399.73559570312 3398.25756835938 3396.29638671875 3393.90942382812 3391.16186523438 3388.6328125 3386.60791015625 3384.69213867188 3382.22436523438 3379.15112304688 3376.02416992188 3372.736328125 3369.79809570312 3368.6376953125 3368.73486328125 3368.9736328125 3369.22021484375 3369.48168945312 3369.69653320312 3369.89990234375
-3.4e+38 -3.4e+38 -3.4e+38 -3.4e+38 3444.69555664062 3441.09008789062 3437.20434570312 3433.57202148438 3429.8740234375 3426.4208984375 3423.48828125 3420.57299804688 3417.36694335938 3414.6552734375 3412.45703125 3410.23583984375 3407.90869140625 3406.02270507812 3404.60302734375 3403.41479492188 3402.21801757812 3401.10278320312 3400.16528320312 3399.17895507812 3398.0927734375 3397.00366210938 3395.8955078125 3394.43505859375 3392.69897460938 3390.92651367188 3389.01293945312 3386.85913085938 3384.9833984375 3383.380859375 3381.615234375 3378.96875 3375.39916992188 3371.8212890625 3368.26733398438 3365.05981445312 3363.52978515625 3363.4951171875 3363.6953125 3363.95825195312 3364.26831054688 3364.541015625 3364.81103515625
-3.4e+38 -3.4e+38 -3.4e+38 -3.4e+38 3440.70141601562 3437.06884765625 3433.01293945312 3429.28759765625 3425.7900390625 3422.3642578125 3419.25634765625 3416.33129882812 3413.29663085938 3410.60693359375 3408.39379882812 3406.04125976562 3403.376953125 3401.25317382812 3399.666015625 3398.31689453125 3397.083984375 3395.98510742188 3395.02685546875 3393.990234375 3392.92041015625 3391.87939453125 3390.69287109375 3389.0791015625 3387.3876953125 3385.8818359375 3384.43237304688 3382.89501953125 3381.501953125 3380.21850585938 3378.431640625 3375.36791992188 3371.35717773438 3367.685546875 3364.35229492188 3361.51342773438 3359.77416992188 3359.34301757812 3359.44775390625 3359.71240234375 3360.00268554688 3360.24267578125 3360.5224609375
-3.4e+38 -3.4e+38 -3.4e+38 -3.4e+38 3437.23315429688 3433.38745117188 3429.36791992188 3425.94287109375 3422.56469726562 3418.98559570312 3415.77392578125 3412.97241210938 3410.01123046875 3407.17309570312 3404.81396484375 3402.25756835938 3399.2197265625 3396.572265625 3394.59423828125 3393.05908203125 3391.8798828125 3390.85107421875 3389.87426757812 3388.74291992188 3387.53271484375 3386.38818359375 3385.18774414062 3383.72436523438 3382.27221679688 3381.017578125 3379.90966796875 3378.87548828125 3377.82397460938 3376.63330078125 3374.7451171875 3371.54052734375 3367.64892578125 3364.19165039062 3361.04443359375 3358.0693359375 3355.87817382812 3355.19091796875 3355.36791992188 3355.685546875 3355.96411132812 3356.23217773438 3356.5498046875
-3.4e+38 -3.4e+38 -3.4e+38 3437.28149414062 3433.95971679688 3430.0185546875 3426.45849609375 3423.365234375 3419.95288085938 3416.44165039062 3413.31030273438 3410.4306640625 3407.20874023438 3404.05200195312 3401.39794921875 3398.60302734375 3395.30737304688 3392.31372070312 3390.0634765625 3388.43481445312 3387.15502929688 3385.978515625 3384.89038085938 3383.5859375 3382.10083007812 3380.81762695312 3379.78686523438 3378.73291015625 3377.7041015625 3376.833984375 3376.0224609375 3375.16015625 3374.08666992188 3372.78979492188 3370.96704101562 3367.96020507812 3364.283203125 3360.96020507812 3357.88500976562 3354.86303710938 3352.4521484375 3351.3623046875 3351.23559570312 3351.4375 3351.70947265625 3352.03637695312 3352.38012695312
-3.4e+38 -3.4e+38 -3.4e+38 3434.525390625 3430.84790039062 3427.20068359375 3424.20849609375 3421.25927734375 3417.78979492188 3414.37231445312 3411.39013671875 3408.38818359375 3404.95483398438 3401.51586914062 3398.37280273438 3395.09765625 3391.68139648438 3388.826171875 3386.54150390625 3384.587890625 3382.8984375 3381.48852539062 3380.23950195312 3378.89624023438 3377.49047851562 3376.37377929688 3375.58471679688 3374.841796875 3374.11010742188 3373.4609375 3372.7783203125 3371.9013671875 3370.71435546875 3369.263671875 3367.40698242188 3364.416015625 3360.75390625 3357.59350585938 3354.66455078125 3351.78564453125 3349.29956054688 3347.5595703125 3346.74780273438 3346.82666015625 3347.10668945312 3347.44262695312 3347.79809570312
-3.4e+38 -3.4e+38 -3.4e+38 3432.0126953125 3428.55883789062 3425.28344726562 3422.484375 3419.60546875 3416.18627929688 3412.73022460938 3409.67016601562 3406.525390625 3403.0087890625 3399.45947265625 3396.05493164062 3392.421875 3388.78759765625 3385.8349609375 3383.50317382812 3381.2236328125 3379.09301757812 3377.57202148438 3376.31591796875 3375.07788085938 3373.95288085938 3373.0849609375 3372.38696289062 3371.68481445312 3371.0048828125 3370.3798828125 3369.71752929688 3368.84155273438 3367.5478515625 3365.76123046875 3363.38793945312 3360.1591796875 3356.82958984375 3354.14379882812 3351.51733398438 3348.7705078125 3346.14916992188 3343.82446289062 3342.39697265625 3342.35595703125 3342.60913085938 3342.8564453125 3343.15209960938
-3.4e+38 -3.4e+38 -3.4e+38 3430.076171875 3427.1787109375 3424.18286132812 3421.38427734375 3418.4765625 3415.11840820312 3411.55712890625 3408.32202148438 3405.0380859375 3401.37622070312 3397.7177734375 3394.23461914062 3390.54736328125 3386.6552734375 3383.17333984375 3380.59985351562 3378.26806640625 3375.99975585938 3374.30078125 3373.01318359375 3371.7666015625 3370.75463867188 3369.97998046875 3369.29272460938 3368.5869140625 3367.91088867188 3367.251953125 3366.50366210938 3365.46166992188 3363.8349609375 3361.5185546875 3358.6513671875 3355.54956054688 3352.9208984375 3350.79418945312 3348.50439453125 3345.90869140625 3343.29370117188 3340.79272460938 3338.99194335938 3338.548828125 3338.63330078125 3338.779296875 3339.03344726562
-3.4e+38 -3.4e+38 3430.94360351562 3428.9482421875 3426.38134765625 3423.45336914062 3420.61865234375 3417.69458007812 3414.28295898438 3410.69311523438 3407.47998046875 3404.17553710938 3400.333984375 3396.43798828125 3392.90161132812 3389.15258789062 3384.9697265625 3381.01586914062 3378.06762695312 3375.62133789062 3373.271484375 3371.30639648438 3369.79516601562 3368.4853515625 3367.55834960938 3366.81665039062 3366.11279296875 3365.322265625 3364.498046875 3363.66674804688 3362.69091796875 3361.25830078125 3359.22729492188 3356.81176757812 3354.21508789062 3351.72827148438 3349.67016601562 3347.84008789062 3345.74047851562 3343.20947265625 3340.50048828125 3337.86938476562 3335.7353515625 3334.9248046875 3334.98608398438 3335.15185546875 3335.390625
-3.4e+38 -3.4e+38 3430.14672851562 3428.42358398438 3425.93823242188 3422.9375 3420.06616210938 3417.15405273438 3413.70971679688 3410.11254882812 3406.8916015625 3403.56762695312 3399.66088867188 3395.68286132812 3392.130859375 3388.14624023438 3383.57202148438 3379.41430664062 3376.17114257812 3373.25708007812 3370.5322265625 3368.34814453125 3366.63403320312 3365.23974609375 3364.2587890625 3363.49047851562 3362.72607421875 3361.7841796875 3360.72778320312 3359.6630859375 3358.44604492188 3356.814453125 3354.82373046875 3352.77294921875 3350.73901367188 3348.7578125 3346.93212890625 3345.26147460938 3343.20483398438 3340.43237304688 3337.43676757812 3334.5205078125 3331.99975585938 3331.16235351562 3331.36376953125 3331.57080078125 3331.80126953125
-3.4e+38 -3.4e+38 3429.76000976562 3428.08374023438 3425.64965820312 3422.66235351562 3419.83349609375 3416.9833984375 3413.52587890625 3409.734375 3406.35375976562 3402.94677734375 3399.11694335938 3395.287109375 3391.69897460938 3387.34545898438 3382.33984375 3378.09692382812 3374.67846679688 3371.15893554688 3367.99975585938 3365.63037109375 3363.703125 3362.06420898438 3360.89965820312 3360.109375 3359.32983398438 3358.24169921875 3356.95483398438 3355.701171875 3354.34716796875 3352.75244140625 3351.09448242188 3349.45678710938 3347.73461914062 3345.93774414062 3344.244140625 3342.57543945312 3340.28955078125 3337.26171875 3334.1435546875 3331.27001953125 3328.8515625 3327.9208984375 3328.04272460938 3328.21435546875 3328.42724609375
-3.4e+38 -3.4e+38 -3.4e+38 3427.8271484375 3425.42260742188 3422.47705078125 3419.76586914062 3417.06030273438 3413.54077148438 3409.47583007812 3405.873046875 3402.36059570312 3398.70385742188 3395.08740234375 3391.51635742188 3386.85620117188 3381.41040039062 3376.91577148438 3373.28930664062 3369.37426757812 3365.83056640625 3363.1787109375 3360.85766601562 3358.79052734375 3357.46606445312 3356.70434570312 3355.92504882812 3354.67749023438 3353.19360351562 3351.83471679688 3350.439453125 3348.92529296875 3347.46240234375 3346.15795898438 3344.72192382812 3342.994140625 3341.20141601562 3339.31494140625 3336.79223632812 3333.7802734375 3330.86499023438 3328.29028320312 3326.20336914062 3325.1337890625 3324.93579101562 3324.99047851562 3325.21606445312
-3.4e+38 -3.4e+38 -3.4e+38 3427.6416015625 3425.23950195312 3422.35864257812 3419.74169921875 3417.12646484375 3413.576171875 3409.33081054688 3405.4951171875 3401.86840820312 3398.41845703125 3395.0322265625 3391.54760742188 3386.771484375 3381.11303710938 3376.3134765625 3372.2744140625 3368.04272460938 3364.07421875 3360.84619140625 3357.97631835938 3355.46923828125 3353.88427734375 3353.03955078125 3352.166015625 3350.806640625 3349.25122070312 3347.88354492188 3346.52368164062 3345.14233398438 3343.85180664062 3342.74951171875 3341.46557617188 3339.72924804688 3337.85791015625 3335.8916015625 3333.40673828125 3330.4853515625 3327.74340820312 3325.20825195312 3322.96655273438 3321.82958984375 3321.6279296875 3321.73071289062 3322.02954101562
-3.4e+38 -3.4e+38 -3.4e+38 3427.4765625 3425.07055664062 3422.31225585938 3419.76904296875 3417.177734375 3413.6474609375 3409.3212890625 3405.3876953125 3401.7060546875 3398.33081054688 3395.0517578125 3391.62158203125 3386.8291015625 3381.22778320312 3376.25830078125 3371.66870117188 3367.06030273438 3362.70166015625 3358.787109375 3355.34301757812 3352.51318359375 3350.396484375 3348.98852539062 3347.83422851562 3346.453125 3345.01489257812 3343.755859375 3342.51391601562 3341.29150390625 3340.16137695312 3339.12646484375 3337.85888671875 3336.22094726562 3334.48046875 3332.744140625 3330.41723632812 3327.498046875 3324.79077148438 3322.03540039062 3319.35327148438 3318.20825195312 3318.2822265625 3318.50903320312 3318.79467773438
-3.4e+38 -3.4e+38 -3.4e+38 3427.30615234375 3424.89965820312 3422.25952148438 3419.79443359375 3417.24194335938 3413.76879882812 3409.45874023438 3405.578125 3401.87841796875 3398.39892578125 3395.11596679688 3391.69799804688 3386.93481445312 3381.3486328125 3376.2919921875 3371.38452148438 3366.34423828125 3361.59887695312 3357.34497070312 3353.55859375 3350.08666992188 3347.03881835938 3344.87939453125 3343.38818359375 3341.89501953125 3340.51538085938 3339.43701171875 3338.38916015625 3337.34545898438 3336.392578125 3335.42358398438 3334.19775390625 3332.72631835938 3331.09838867188 3329.4521484375 3327.24731445312 3324.5009765625 3321.90063476562 3319.16577148438 3316.55297851562 3315.37573242188 3315.3720703125 3315.57690429688 3315.85864257812
-3.4e+38 -3.4e+38 -3.4e+38 3427.11572265625 3424.72583007812 3422.20581054688 3419.81420898438 3417.28295898438 3413.87646484375 3409.64965820312 3405.8134765625 3402.0732421875 3398.52294921875 3395.21435546875 3391.77905273438 3387.05615234375 3381.49462890625 3376.43408203125 3371.52197265625 3366.27368164062 3361.12817382812 3356.66479492188 3352.61206054688 3348.25830078125 3344.18701171875 3341.19360351562 3338.82690429688 3336.78002929688 3335.5244140625 3334.75146484375 3334.03173828125 3333.33081054688 3332.68408203125 3331.806640625 3330.58251953125 3329.125 3327.51123046875 3325.80395507812 3323.75268554688 3321.50390625 3319.17797851562 3316.52880859375 3313.99389648438 3312.66259765625 3312.48461914062 3312.66015625 3313.001953125
