MCO_data_requests/covino_4_2_2020/subwatershed_outputs/lex_flow_accumulation_utm_10m.asc
NCOLS 162 
NROWS 131 
XLLCORNER 419591.519902415 
YLLCORNER 4416017.22541033 
CELLSIZE 10 
NODATA_value -3.4e+38 
[rows 42 to 62 of 131, columns 0 to 46 of 162]
-3.4e+38 -3.4e+38 -3.4e+38 -3.4e+38 -3.4e+38 -3.4e+38 100 100 100 134.981781005859 216.684463500977 285.77099609375 454.976501464844 626.560241699219 698.469299316406 711.9208984375 807.882141113281 1016.73211669922 1072.57458496094 1007.45239257812 1115.92297363281 1266.03198242188 1231.64294433594 1190.76354980469 1264.99133300781 1416.98754882812 1459.73999023438 1300.06433105469 1174.25036621094 1113.08801269531 1235.03393554688 1389.78991699219 1162.2978515625 1292.2705078125 1158.15893554688 1430.68823242188 12524.673828125 29304.888671875 6342.6826171875 2577.8642578125 2431.7412109375 2720.236328125 2366.30639648438 2270.19140625 2011.49792480469 1985.05078125 1553.38195800781
-3.4e+38 -3.4e+38 -3.4e+38 -3.4e+38 -3.4e+38 -3.4e+38 100 100 100 137.032775878906 265.820861816406 343.455657958984 475.492431640625 661.997192382812 788.576110839844 782.855895996094 874.771423339844 1075.48193359375 1157.61279296875 1078.55078125 1185.59619140625 1356.69763183594 1295.08227539062 1214.65393066406 1355.58947753906 1554.9521484375 1570.20288085938 1390.41381835938 1269.01232910156 1165.54724121094 1043.54333496094 1200.52819824219 1357.36047363281 1253.7822265625 1392.2705078125 1286.228515625 5176.94873046875 29625.537109375 14670.8818359375 3023.27905273438 2537.69970703125 2824.17822265625 2502.78833007812 2376.56616210938 2104.03125 2080.77954101562 1662.29516601562
-3.4e+38 -3.4e+38 -3.4e+38 -3.4e+38 -3.4e+38 100 100 114.112617492676 202.594451904297 214.313629150391 286.21826171875 388.838836669922 520.329833984375 728.303405761719 872.909729003906 854.829956054688 920.682312011719 1143.11743164062 1248.81005859375 1155.98474121094 1253.05200195312 1478.46459960938 1396.74194335938 1259.17248535156 1408.544921875 1658.77404785156 1632.22924804688 1455.63366699219 1379.10717773438 1312.31799316406 1012.74517822266 888.729370117188 1277.96862792969 1537.6904296875 1328.46215820312 1510.068359375 2497.6318359375 18745.330078125 26855.31640625 5861.5556640625 2716.24096679688 2955.74975585938 2616.75708007812 2480.15576171875 2196.94995117188 2174.12158203125 1776.24914550781
-3.4e+38 -3.4e+38 -3.4e+38 -3.4e+38 -3.4e+38 100 100 109.659812927246 239.969116210938 323.949493408203 348.289764404297 406.046142578125 562.306457519531 822.478393554688 955.556091308594 923.190979003906 995.708923339844 1226.28759765625 1312.431640625 1264.67175292969 1366.09387207031 1558.24731445312 1495.09033203125 1326.02392578125 1467.69494628906 1719.91650390625 1708.79138183594 1541.33630371094 1380.00073242188 1333.81689453125 1086.56994628906 995.467407226562 1139.76672363281 1566.45520019531 1456.44750976562 1331.23083496094 1853.95837402344 8414.626953125 31846.703125 13383.3115234375 3010.74536132812 3103.33715820312 2718.638671875 2581.37158203125 2298.13403320312 2272.48266601562 1873.07397460938
-3.4e+38 -3.4e+38 -3.4e+38 -3.4e+38 100 100 212.926315307617 212.030319213867 244.41032409668 371.736877441406 445.2294921875 448.626770019531 576.477478027344 864.913940429688 1025.92785644531 1049.65539550781 1153.87902832031 1311.29809570312 1385.59497070312 1339.80383300781 1466.91345214844 1656.41552734375 1579.70251464844 1437.57165527344 1543.0810546875 1771.91625976562 1801.22473144531 1558.47937011719 1300.94360351562 1318.13244628906 1274.74829101562 1181.27905273438 1261.98974609375 1432.59069824219 1394.42407226562 1355.01318359375 1516.60339355469 3318.65307617188 23056.38671875 27574.353515625 4710.02197265625 3279.02026367188 2830.67919921875 2679.25366210938 2379.7412109375 2363.39135742188 1983.97351074219
-3.4e+38 -3.4e+38 -3.4e+38 -3.4e+38 412.011474609375 112.01146697998 237.964920043945 317.576385498047 314.313629150391 401.541900634766 513.479736328125 516.898559570312 606.187194824219 863.435363769531 1084.5732421875 1146.87390136719 1295.52661132812 1477.09436035156 1499.24865722656 1424.13732910156 1541.28369140625 1769.00769042969 1670.23486328125 1541.76098632812 1619.29968261719 1833.71691894531 1833.62670898438 1596.90014648438 1395.21594238281 1325.63684082031 1331.28857421875 1368.35571289062 1363.92541503906 1374.68469238281 1250.03820800781 1264.9306640625 1481.94226074219 1802.67028808594 8763.947265625 37874.12890625 12105.87109375 3457.02294921875 2930.81787109375 2774.38745117188 2456.81591796875 2441.55615234375 2113.61669921875
-3.4e+38 -3.4e+38 -3.4e+38 100 100 100 135.306549072266 347.269836425781 441.543304443359 469.704437255859 527.525573730469 591.939086914062 703.388977050781 873.872253417969 1038.14624023438 1189.21228027344 1456.77868652344 1664.4208984375 1682.67883300781 1542.08288574219 1631.34973144531 1878.595703125 1771.11950683594 1633.4541015625 1696.26184082031 1868.9677734375 1792.15222167969 1725.35534667969 1590.42639160156 1396.19055175781 1306.65844726562 1454.54162597656 1461.60522460938 1316.97131347656 1095.73937988281 1230.56909179688 1409.732421875 1728.71020507812 3528.54077148438 29858.77734375 27163.11328125 3803.1005859375 3065.72265625 2883.83911132812 2535.27758789062 2519.93334960938 2271.72216796875
-3.4e+38 -3.4e+38 -3.4e+38 100 100 100 116.917442321777 273.738189697266 465.966186523438 575.238525390625 612.280822753906 630.109069824219 748.470031738281 940.18994140625 1001.07745361328 1126.09008789062 1600.73449707031 1896.51953125 1891.95227050781 1747.68542480469 1759.28588867188 1973.82336425781 1864.95300292969 1759.47399902344 1790.19909667969 1856.45483398438 1747.30126953125 1839.69897460938 1802.95080566406 1558.26159667969 1365.31176757812 1467.40771484375 1530.17468261719 1211.83764648438 989.186950683594 1168.97277832031 1474.98107910156 1682.48425292969 2307.11596679688 15442.8984375 40644.49609375 7952.47119140625 3298.06469726562 2974.60034179688 2594.89770507812 2629.41455078125 2447.91748046875
-3.4e+38 -3.4e+38 -3.4e+38 400 100 200 235.980865478516 252.73649597168 400.581176757812 665.8310546875 851.929565429688 731.247314453125 774.80126953125 998.573425292969 1031.25219726562 1046.57495117188 1514.93591308594 2186.82299804688 2249.36694335938 2064.7705078125 1913.03430175781 2038.50732421875 1924.23120117188 1864.91015625 1920.8720703125 1924.84460449219 1778.01721191406 1897.404296875 1971.13500976562 1766.07019042969 1518.84411621094 1480.13916015625 1498.25354003906 1173.86560058594 935.88427734375 1001.24829101562 1335.77258300781 1603.43115234375 1877.92150878906 6553.42724609375 42849.84765625 17270.341796875 3514.11791992188 3004.01098632812 2690.81030273438 2754.63916015625 2606.47094726562
-3.4e+38 -3.4e+38 100 100 100 100 287.782867431641 362.604583740234 413.555297851562 548.301086425781 819.013854980469 1074.91650390625 1045.0908203125 1121.888671875 1126.84362792969 1069.13134765625 1332.92700195312 2193.14868164062 2714.56298828125 2443.27978515625 2128.4140625 2162.66430664062 1967.3232421875 1926.30004882812 2119.29272460938 2143.794921875 1890.13842773438 1942.63537597656 2089.81396484375 1907.62133789062 1627.5244140625 1472.21130371094 1491.17102050781 1249.169921875 896.729919433594 901.013549804688 1037.97375488281 1452.20361328125 1706.02014160156 3098.50512695312 31526.44140625 33445.95703125 4523.24609375 3141.06689453125 2844.81396484375 2854.90185546875 2785.34301757812
-3.4e+38 -3.4e+38 100 100 129.110458374023 149.550857543945 221.776626586914 396.484924316406 538.768981933594 611.918090820312 688.3408203125 944.930908203125 1259.97937011719 1396.00671386719 1488.46032714844 1434.60375976562 1503.38330078125 1805.74755859375 2683.609375 3006.3623046875 2648.92602539062 2382.36645507812 2110.13745117188 2016.30102539062 2292.34423828125 2405.36181640625 2048.6845703125 2004.01892089844 2174.06420898438 1998.12316894531 1665.42492675781 1464.52062988281 1474.64453125 1349.62097167969 969.789916992188 897.793579101562 1050.30688476562 1193.52661132812 1545.35754394531 2102.24658203125 14063.4658203125 44833.58984375 13647.748046875 3392.7705078125 2990.06860351562 2964.12768554688 2958.4677734375
-3.4e+38 -3.4e+38 100 100 222.486968994141 310.2177734375 361.843719482422 433.985961914062 585.267517089844 748.688659667969 860.701843261719 963.319519042969 1150.61706542969 1446.86560058594 1771.779296875 2095.4423828125 2063.505859375 2022.82922363281 2106.64184570312 3144.69409179688 3627.48461914062 2823.39990234375 2330.35693359375 2201.92333984375 2425.70434570312 2567.08764648438 2225.36059570312 2126.5478515625 2265.54248046875 2109.20434570312 1713.076171875 1409.69799804688 1356.02673339844 1390.7578125 1257.47912597656 1074.70861816406 1106.46215820312 1107.25854492188 1222.33801269531 1698.60473632812 4695.7216796875 35478.2734375 34422.5390625 3870.658203125 3079.31127929688 3100.1904296875 3108.68798828125
-3.4e+38 -3.4e+38 400 100 148.402572631836 295.099700927734 442.674774169922 566.769348144531 658.084350585938 802.498901367188 1037.90356445312 1282.59619140625 1462.87133789062 1604.41552734375 1862.28063964844 2179.36157226562 2560.96533203125 2822.97241210938 2400.19409179688 2438.71997070312 4028.62475585938 3895.17333984375 2707.5341796875 2541.24267578125 2623.2919921875 2689.05615234375 2401.89111328125 2280.25634765625 2341.9853515625 2183.89404296875 1759.83410644531 1388.41381835938 1298.0966796875 1401.455078125 1481.56127929688 1393.81921386719 1213.63024902344 1063.89135742188 1060.93310546875 1304.17602539062 2096.30419921875 15667.482421875 53062.23046875 9725.669921875 3237.30810546875 3302.83935546875 3246.47705078125
-3.4e+38 -3.4e+38 100 100 100 222.926849365234 368.627410888672 530.91015625 694.336975097656 852.0224609375 1015.72540283203 1219.87231445312 1503.28930664062 1863.630859375 2201.08862304688 2423.61767578125 2662.51831054688 3266.60986328125 3835.806640625 2714.99487304688 3181.29809570312 4878.92626953125 3792.9931640625 3082.9140625 2852.595703125 2801.03833007812 2506.34057617188 2407.42236328125 2447.51635742188 2257.41625976562 1793.41394042969 1498.08068847656 1395.73413085938 1399.92797851562 1517.35473632812 1580.84777832031 1398.06481933594 1119.212890625 996.381591796875 1101.55224609375 1483.92004394531 5205.01025390625 49260.609375 26375.57421875 3460.10620117188 3481.34033203125 3405.42138671875
-3.4e+38 -3.4e+38 100 175.206970214844 249.42057800293 342.587432861328 461.955017089844 613.319213867188 784.20947265625 921.368408203125 1023.74194335938 1118.34167480469 1290.75903320312 1594.23754882812 1957.83422851562 2298.39965820312 2623.51782226562 3003.23876953125 3831.3115234375 4639.7275390625 3485.908203125 4443.072265625 5149.15869140625 4036.9453125 3273.79296875 2926.33837890625 2546.328125 2483.67529296875 2579.21630859375 2366.89526367188 1903.68823242188 1632.66906738281 1524.53979492188 1442.91528320312 1448.08374023438 1572.42236328125 1632.07800292969 1235.0283203125 1059.41491699219 1096.38159179688 1248.13330078125 2466.2197265625 39805.4296875 40551.59765625 3571.36694335938 3603.38793945312 3628.31884765625
-3.4e+38 -3.4e+38 100 124.793029785156 125.786415100098 244.902587890625 372.717742919922 521.426147460938 665.726379394531 812.603088378906 960.560607910156 1092.86352539062 1240.34594726562 1421.03112792969 1674.62768554688 2030.39318847656 2425.8056640625 2712.1943359375 3128.68383789062 4403.345703125 5701.18603515625 4391.93017578125 5395.85400390625 5672.99560546875 4217.34375 3145.19091796875 2485.37622070312 2487.0263671875 2727.61572265625 2527.96752929688 2096.7529296875 1826.44934082031 1626.8974609375 1466.14575195312 1434.26953125 1583.44946289062 1660.35632324219 1380.77844238281 1208.74487304688 1171.06616210938 1292.71484375 1697.75244140625 27346.451171875 55385.92578125 3739.03686523438 3760.09130859375 3943.89086914062
-3.4e+38 -3.4e+38 324.793029785156 100 190.322967529297 290.508728027344 394.664276123047 493.709381103516 597.530090332031 728.110534667969 877.359558105469 1030.22314453125 1177.56018066406 1336.96313476562 1545.12219238281 1847.98303222656 2294.24194335938 2843.70776367188 3288.61376953125 3885.35205078125 5082.4599609375 6368.21044921875 5418.431640625 7312.45361328125 5921.99609375 3516.4375 2374.93994140625 2449.23046875 2872.80419921875 2717.3046875 2324.56860351562 2064.28637695312 1861.72180175781 1513.92614746094 1349.81652832031 1531.47863769531 1689.95471191406 1496.35095214844 1372.24060058594 1325.82946777344 1336.41772460938 1572.78112792969 15401.8466796875 63849.8828125 8921.5927734375 4131.0712890625 4285.78125
-3.4e+38 -3.4e+38 100 100 200.736755371094 306.357788085938 413.750366210938 510.4755859375 616.892944335938 742.261840820312 912.694641113281 1116.22875976562 1282.29992675781 1414.77551269531 1536.57287597656 1694.94091796875 1964.74951171875 2425.11376953125 3053.49755859375 3639.33178710938 4472.681640625 6007.58154296875 7275.2470703125 8206.9462890625 8421.1708984375 4315.1376953125 2473.31372070312 2406.99584960938 2942.89184570312 2891.9140625 2567.62646484375 2303.94287109375 2123.44604492188 1621.87634277344 1302.33801269531 1458.51721191406 1660.91552734375 1544.0224609375 1424.56958007812 1498.099609375 1447.40185546875 1574.15051269531 10136.8515625 65618.6796875 14142.865234375 4575.5205078125 4525.73291015625
-3.4e+38 -3.4e+38 100 100 199.91162109375 299.160919189453 398.993835449219 501.713806152344 610.795349121094 736.607055664062 906.947875976562 1107.18933105469 1266.18273925781 1382.35144042969 1477.02905273438 1589.63110351562 1685.34399414062 1826.44555664062 2242.263671875 2789.0576171875 3552.0126953125 5289.1904296875 7848.89306640625 9854.0224609375 10900.8037109375 7003.8818359375 3126.46362304688 2501.08642578125 2938.29516601562 2998.21997070312 2776.39111328125 2533.93603515625 2321.634765625 1766.0810546875 1390.46557617188 1410.17321777344 1611.92211914062 1396.70227050781 1373.11145019531 1596.70874023438 1568.04125976562 1651.32995605469 7682.607421875 70077.5625 14254.240234375 4773.5732421875 4744.53125
-3.4e+38 -3.4e+38 100 100 199.847610473633 299.537445068359 398.780975341797 494.323974609375 592.498718261719 702.864501953125 814.072631835938 918.655578613281 1035.01989746094 1146.43579101562 1246.24279785156 1349.62878417969 1455.17211914062 1592.14453125 1889.58569335938 2395.9970703125 3074.38842773438 4150.10205078125 6174.95654296875 9547.6376953125 13326.1474609375 11931.94921875 5041.10205078125 2954.91064453125 3094.23266601562 3069.59619140625 2908.947265625 2745.57739257812 2442.17846679688 1891.10986328125 1532.78344726562 1403.99267578125 1564.94909667969 1376.94604492188 1274.42456054688 1492.00451660156 1607.95397949219 1730.02429199219 5454.09619140625 73955.0625 14893.5029296875 5027.5791015625 5207.537109375
-3.4e+38 -3.4e+38 100 100 200.972106933594 301.264892578125 402.959930419922 500.993011474609 598.837036132812 706.113891601562 797.405151367188 883.011596679688 982.445617675781 1079.90173339844 1180.17370605469 1278.20690917969 1379.85827636719 1505.77880859375 1679.19860839844 1923.42663574219 2376.69189453125 3113.44213867188 4201.119140625 6954.052734375 12856.494140625 17350.607421875 11105.578125 4856.68310546875 3494.55639648438 3179.24096679688 3013.90844726562 2877.95629882812 2378.09741210938 1927.76293945312 1670.64916992188 1498.81750488281 1532.90771484375 1464.06481933594 1344.61767578125 1266.07360839844 1367.74560546875 1697.0283203125 3919.7626953125 71218.1328125 21546.3984375 5532.361328125 5992.08642578125
