MCO_data_requests/covino_4_2_2020/subwatershed_outputs/lex_flow_accumulation_utm_10m.asc
NCOLS 162 
NROWS 131 
XLLCORNER 419591.519902415 
YLLCORNER 4416017.22541033 
CELLSIZE 10 
NODATA_value -3.4e+38 
[rows 84 to 104 of 131, columns 94 to 140 of 162]
2688.00268554688 2972.42553710938 2759.705078125 2688.05078125 2398.06201171875 2364.078125 2602.00390625 3257.33349609375 15364 112093.8203125 2511.81225585938 1256.30749511719 1005.85272216797 989.33642578125 1064.25354003906 1219.35607910156 1174.33972167969 1495.37963867188 1314.64111328125 1006.13232421875 1007.94879150391 1224.41662597656 1231.85498046875 1235.62036132812 1239.80859375 1289.63488769531 1439.82629394531 1676.92810058594 1801.009765625 1690.37890625 1510.21228027344 1798.44299316406 2684.66674804688 69028.6640625 14302.962890625 2108.33349609375 1544.82690429688 1332.60717773438 1346.56848144531 1511.12829589844 1760.11755371094 1670.81298828125 1372.87841796875 1255.17565917969 1259.06628417969 1130.2880859375 1053.73999023438
2747.015625 3105.7158203125 2882.36938476562 2636.13940429688 2617.52783203125 2475.88012695312 2336.92626953125 2403.89501953125 2740.43505859375 85229.2578125 45065.00390625 1460.68969726562 1100.97692871094 1073.00927734375 1104.79455566406 1182.73901367188 1230.22790527344 1531.0126953125 1371.29052734375 1008.78802490234 989.405517578125 1143.33251953125 1246.65881347656 1352.94018554688 1332.27526855469 1187.53637695312 1203.18359375 1566.42370605469 1866.89086914062 1724.00793457031 1762.56372070312 1870.59387207031 2606.53588867188 64348.2734375 21850.45703125 2168.892578125 1568.115234375 1592.66662597656 1561.43737792969 1583.29162597656 1754.48681640625 1587.46813964844 1328.72216796875 1295.65417480469 1267.44067382812 1109.34069824219 1072.37048339844
2638.61889648438 3066.48168945312 3117.63330078125 2696.97631835938 2642.9150390625 2555.17431640625 2277.65112304688 1974.5791015625 2055.70483398438 26249.0390625 106140.9296875 2765.40747070312 1139.32885742188 1128.91955566406 1141.13793945312 1138.27807617188 1286.669921875 1578.79614257812 1383.71459960938 1049.322265625 1025.67993164062 1067.41296386719 1186.7666015625 1416.07202148438 1452.2978515625 1155.12329101562 1102.27233886719 1406.61181640625 1802.1162109375 1736.2548828125 1815.71020507812 2120.99780273438 2798.14892578125 68895.5078125 20286.5390625 1836.53100585938 1722.25451660156 1892.70251464844 1739.9736328125 1673.54064941406 1668.92260742188 1458.14379882812 1267.11364746094 1296.04638671875 1295.072265625 1179.36291503906 1105.6357421875
2624.56469726562 2949.859375 3038.12255859375 2949.240234375 2800.23974609375 2684 2622.42578125 2375.421875 2174.73095703125 4838.314453125 103933.5234375 29709.392578125 1205.30895996094 1110.9228515625 1207.23840332031 1106.86059570312 1317.29333496094 1559.296875 1405.64733886719 1162.47741699219 1068.58056640625 994.035705566406 1079.70861816406 1411.73767089844 1562.33703613281 1253.31335449219 1113.94104003906 1276.69018554688 1589.39465332031 1680.74926757812 1832.80297851562 2177.23681640625 3371.43090820312 79381.0078125 12828.041015625 1661.7353515625 1884.39978027344 2121.14965820312 1638.00012207031 1707.11669921875 1581.36181640625 1344.810546875 1216.14794921875 1294.50769042969 1375.4423828125 1255.08666992188 1086.58862304688
2332.51147460938 3029.76318359375 2913.3525390625 2813.59130859375 2978.68579101562 2847.50317382812 2791.2919921875 2960.68920898438 2849.8896484375 2456.99243164062 45914.3984375 92847.234375 1397.64208984375 1173.337890625 1291.15856933594 1118.32666015625 1296.4970703125 1435.37487792969 1495.49157714844 1299.13354492188 1118.01098632812 944.374206542969 1013.43109130859 1346.70983886719 1606.45141601562 1370.88745117188 1161.06652832031 1230.03002929688 1436.73620605469 1588.267578125 1858.06042480469 2302.3203125 3942.60595703125 89553.5390625 5510.67724609375 1797.64904785156 2143.68041992188 1850.28955078125 1725.39135742188 1467.31567382812 1478.1083984375 1246.84375 1245.66149902344 1354.85974121094 1472.853515625 1277.45031738281 1028.73974609375
2361.41479492188 2787.5625 2897.29418945312 2522.140625 2801.95092773438 2977.302734375 2966.06323242188 2970.49487304688 3005.04370117188 2787.62084960938 10302.234375 113587.5859375 19020.421875 1316.59875488281 1416.0927734375 1105.55432128906 1294.81140136719 1388.4990234375 1521.80224609375 1368.50305175781 1188.97717285156 965.50830078125 983.422485351562 1265.55126953125 1600.65283203125 1371.74475097656 1187.00793457031 1313.52502441406 1412.68627929688 1521.01794433594 1875.75854492188 2558.61279296875 4712.28466796875 94314.8828125 3263.18408203125 2175.84790039062 1887.11352539062 1860.68322753906 1450.19262695312 1404.86987304688 1344.77514648438 1197.43029785156 1300.93798828125 1470.65844726562 1557.89123535156 1234.81066894531 972.636962890625
2494.92260742188 2757.57421875 2823.08203125 2535.5869140625 2370.43823242188 2898.21997070312 2892.0263671875 2685.56567382812 2663.88671875 2775.48876953125 3487.12817382812 96365.3828125 46354.0625 1461.99475097656 1471.65173339844 1052.82153320312 1330.98107910156 1420.58203125 1539.92834472656 1398.84350585938 1188.23693847656 986.084350585938 997.2724609375 1193.28637695312 1555.74475097656 1396.44750976562 1235.99755859375 1355.35791015625 1474.56701660156 1458.41101074219 1790.35229492188 2882.2919921875 7802.81884765625 95079.734375 3040.40625 1987.11352539062 1960.68322753906 1514.4384765625 1336.47497558594 1307.27746582031 1191.70690917969 1183.20251464844 1386.43469238281 1584.60656738281 1593.84289550781 1187.84375 957.992919921875
2652.06176757812 2836.74072265625 2699.84790039062 2614.072265625 2522.21215820312 2483.10424804688 2526.31616210938 2922.31079101562 2557.208984375 2767.08251953125 3166.36279296875 68775.5234375 77789.71875 1627.87280273438 1467.69934082031 980.75830078125 1367.44055175781 1456.73803710938 1615.533203125 1474.17016601562 1090.79150390625 911.860290527344 1062.20874023438 1206.3095703125 1478.23400878906 1425.29663085938 1317.39965820312 1365.8779296875 1497.1787109375 1466.58264160156 1698.18591308594 3070.10864257812 20725.1640625 86025.1015625 2774.40502929688 2060.68334960938 1614.43859863281 1436.47497558594 1162.22790527344 1113.64025878906 1216.57360839844 1311.48266601562 1445.77734375 1603.02026367188 1581.82263183594 1175.55432128906 985.283264160156
2769.09033203125 2905.52734375 2725.17163085938 2696.015625 2655.38110351562 2358.52490234375 2184.59594726562 2597.50390625 3022.31079101562 2682.23510742188 2979.10620117188 33438.8671875 116357.1875 1889.70202636719 1513.33557128906 972.516357421875 1404.85278320312 1472.18383789062 1677.35266113281 1539.31030273438 1111.38793945312 900.975341796875 1055.06762695312 1243.421875 1409.89697265625 1380.83654785156 1351.59411621094 1422.04919433594 1509.2822265625 1546.76928710938 1835.11206054688 3095.740234375 36141.2890625 74006.7109375 2835.12963867188 1717.71008300781 1590.44555664062 1262.22790527344 1023.89337158203 1053.21752929688 1352.087890625 1434.71997070312 1508.02160644531 1575.31896972656 1515.2919921875 1144.18676757812 1027.20446777344
3051.51684570312 3011.2763671875 2773.91088867188 2790.55590820312 2736.52465820312 2431.916015625 2109.26293945312 2200.0048828125 2888.89282226562 3088.59692382812 2623.779296875 11767.931640625 114137.5 28946.06640625 1653.01110839844 1056.5400390625 1415.24853515625 1518.11608886719 1671.39819335938 1563.17651367188 1268.85852050781 1000.93023681641 1059.34973144531 1214.42919921875 1336.71716308594 1382.07678222656 1386.28039550781 1442.08837890625 1531.22973632812 1603.37329101562 2014.87097167969 3403.88061523438 52553.2890625 60522.6796875 2460.00732421875 1580.82104492188 1447.05078125 1185.32141113281 1095.3505859375 1290.57824707031 1485.08227539062 1385.69665527344 1434.65075683594 1565.44799804688 1474.24865722656 1126.62280273438 1112.84167480469
3233.14086914062 3288.96411132812 2818.79711914062 2757.20751953125 2927.00341796875 2674.50073242188 2090.41967773438 2010.24230957031 2331.70727539062 2925.00634765625 3148.75805664062 5861.2158203125 91748.3984375 57065.9296875 4699.90478515625 1202.89025878906 1480.98425292969 1564.39929199219 1629.84655761719 1571.87939453125 1434.43530273438 1137.36145019531 1108.07568359375 1224.96594238281 1320.62414550781 1396.38598632812 1458.12255859375 1452.5166015625 1493.73657226562 1572.79028320312 1983.11572265625 3795.97045898438 65493.40234375 50414.34765625 2101.81909179688 1435.14453125 1353.80725097656 1275.44250488281 1372.98754882812 1549.00744628906 1537.80920410156 1349.10913085938 1316.25512695312 1539.84777832031 1414.32080078125 1123.13891601562 1228.40380859375
3379.84130859375 3461.6083984375 2922.13037109375 2830.28637695312 3096.46704101562 2991.88012695312 2117.58911132812 1930.50036621094 2063.4306640625 2469.63696289062 3009.92138671875 4990.35498046875 68552.28125 74723.1953125 13913.154296875 1909.38049316406 1563.49694824219 1623.59106445312 1597.17651367188 1604.73657226562 1572.99169921875 1272.05041503906 1196.1728515625 1323.33349609375 1393.37341308594 1390.87390136719 1490.86340332031 1517.71484375 1441.56018066406 1511.16418457031 1937.15966796875 3677.38842773438 76606.078125 42369.37109375 1797.37109375 1370.34765625 1385.36401367188 1471.65539550781 1587.94177246094 1586.12475585938 1519.64965820312 1376.93273925781 1404.77807617188 1601.17224121094 1375.5439453125 1056.43811035156 1257.48364257812
3342.15234375 3444.06323242188 2936.96044921875 3021.83227539062 3565.11767578125 3305.68286132812 2256.82275390625 1821.79333496094 2024.22106933594 2357.88793945312 2669.869140625 4289.10888671875 36879.0703125 81838.375 37427.87109375 6566.08740234375 1895.65625 1670.35461425781 1633.67541503906 1690.16040039062 1697.3935546875 1426.85729980469 1319.37548828125 1456.701171875 1482.47778320312 1371.40393066406 1452.82275390625 1624.87426757812 1541.41662597656 1482.3828125 1892.50512695312 3572.57470703125 86891.9765625 34633.453125 1683.27966308594 1474.33471679688 1602.58923339844 1627.84802246094 1587.61047363281 1513.86840820312 1458.55334472656 1505.740234375 1593.38208007812 1623.28857421875 1321.53527832031 1087.83642578125 1363.32360839844
4436.16943359375 4327.88916015625 3647.33935546875 4794.84326171875 7243.87451171875 5327.681640625 2569.96655273438 2224.45654296875 2619.95458984375 3388.51513671875 4018.689453125 4146.197265625 8797.2412109375 46517.359375 79120.9296875 29963.677734375 4435.37060546875 1771.13317871094 1688.02990722656 1812.95166015625 1859.27368164062 1603.20166015625 1466.75988769531 1594.43151855469 1572.95764160156 1362.03491210938 1397.28149414062 1685.32409667969 1697.20690917969 1586.81079101562 1937.02587890625 3798.580078125 93203.3671875 30011.1015625 1883.37036132812 1694.59362792969 1810.42309570312 1651.40588378906 1466.86987304688 1469.60546875 1528.67797851562 1642.06372070312 1655.10400390625 1592.97204589844 1344.60827636719 1213.02258300781 1575.42077636719
742175.1875 747919.0625 753287.1875 757139.875 761161.9375 768432.4375 775646.4375 779433.125 782623.0625 786347.4375 789762.4375 793304.1875 797472.875 806498 664055.4375 397895.15625 21591.87109375 3012.75927734375 1756.15942382812 2012.44165039062 2174.017578125 1770.35327148438 1620.92687988281 1738.8369140625 1699.25402832031 1372.55151367188 1349.72497558594 1724.5849609375 1816.70422363281 1691.94885253906 1960.60864257812 3798.53125 95578.0859375 29588.3203125 2177.28051757812 1920.29150390625 1897.41064453125 1481.24853515625 1346.3876953125 1558.32434082031 1696.79467773438 1738.34838867188 1664.76110839844 1587.82653808594 1379.88903808594 1355.22521972656 1818.99816894531
2120.85693359375 2084.70434570312 1951.04565429688 1748.16284179688 1785.123046875 1960.23254394531 1687.16625976562 1937.15515136719 2043.43969726562 1655.509765625 1338.96606445312 1571.27319335938 2677.40283203125 3911.78369140625 194017.5 551332.6875 950355.875 973046.1875 867085.25 432334.46875 34818.95703125 2122.1357421875 1721.05163574219 1794.15075683594 1845.53088378906 1534.44079589844 1449.45007324219 1768.55883789062 1872.88000488281 1680.76208496094 1817.06848144531 3318.60546875 89941.9140625 37939.0078125 2643.560546875 1914.88952636719 1665.3896484375 1361.51086425781 1362.80981445312 1637.94116210938 1830.99475097656 1848.86511230469 1686.16577148438 1583.55871582031 1468.66760253906 1536.98217773438 2037.67846679688
2065.42919921875 2000.42138671875 1823.20446777344 1697.41137695312 1824.00048828125 1804.64501953125 1508.21862792969 1509.37744140625 1542.77160644531 1332.39892578125 1241.05822753906 1354.42578125 1561.35717773438 1275.27563476562 1109.72766113281 1377.15661621094 1780.13720703125 2490.50512695312 112457.203125 550589.75 952091.875 988433.8125 168106.109375 1911.80859375 2068.26049804688 1975.05163574219 1667.83984375 1883.763671875 1940.34619140625 1540.82177734375 1509.796875 2832.30883789062 81512.7890625 49501.71484375 2780.2744140625 1628.751953125 1436.31176757812 1392.28894042969 1463.2822265625 1698.98413085938 1952.2626953125 1881.04516601562 1679.84997558594 1668.263671875 1579.05102539062 1615.11694335938 2249.978515625
1877.17858886719 1891.41430664062 1677.4736328125 1614.99670410156 1766.341796875 1663.15771484375 1427.5390625 1387.80053710938 1368.92749023438 1166.5341796875 1156.64172363281 1342.58166503906 1425.89611816406 1168.95666503906 1146.19970703125 1325.87561035156 1334.27465820312 1200.05358886719 1119.06311035156 1115.09936523438 1170.56787109375 1317.66625976562 824810.75 994033.125 832649.3125 4807.1904296875 2039.54089355469 1995.49841308594 2037.72375488281 1537.55517578125 1431.08715820312 2558.71801757812 81822.484375 51761.859375 2473.10473632812 1479.63195800781 1438.1044921875 1474.85693359375 1513.85437011719 1766.00317382812 2003.59594726562 1870.07507324219 1720.623046875 1756.81396484375 1658.59265136719 1718.16003417969 2364.03588867188
1707.96362304688 1708.00451660156 1495.84460449219 1500.89135742188 1672.33032226562 1521.03698730469 1321.64636230469 1289.54968261719 1209.58874511719 1029.84643554688 1126.72680664062 1319.96484375 1342.60729980469 1197.55627441406 1113.35229492188 1168.48327636719 1208.71081542969 1063.46716308594 978.391540527344 1005.7197265625 970.817565917969 902.033813476562 1229.47631835938 1417.06286621094 166244.515625 997920 889033.3125 2359.38623046875 2322.96533203125 1933.30249023438 1587.09265136719 2685.25463867188 86420.3046875 48092.34375 2566.12573242188 1631.97961425781 1623.85827636719 1657.65319824219 1557.13696289062 1613.32299804688 1967.06408691406 1946.88037109375 1761.16918945312 1837.5556640625 1751.62084960938 1883.88525390625 2450.017578125
1647.451171875 1549.69885253906 1324.2734375 1369.41674804688 1514.099609375 1356.79565429688 1224.22119140625 1195.51684570312 1090.16662597656 988.571472167969 1135.81665039062 1227.06481933594 1260.39099121094 1110.84838867188 1021.16497802734 1077.904296875 1048.84362792969 896.871948242188 885.103332519531 990.308654785156 923.6455078125 895.216064453125 897.585021972656 864.267150878906 1081.22204589844 1258.57336425781 116977.8671875 1006993.75 980275.875 2986.51806640625 2034.14343261719 19460.681640625 72425.0703125 45108.5625 3023.373046875 2167.46435546875 1908.1298828125 1689.599609375 1479.29711914062 1577.77075195312 1962.39392089844 1972.38830566406 1858.5869140625 1946.71936035156 1872.36157226562 1995.96215820312 2450.50561523438
1555.6875 1452.19445800781 1253.77587890625 1278.89282226562 1334.93884277344 1186.43737792969 1098.33288574219 1075.56042480469 1075.07922363281 1057.14147949219 1031.20141601562 1103.71411132812 1131.96130371094 965.981018066406 951.363403320312 980.545166015625 873.875549316406 782.795288085938 895.147583007812 905.549072265625 875.32861328125 797.585021972656 719.036071777344 905.097595214844 952.779479980469 847.507202148438 1089.31176757812 1364.13110351562 32965.265625 1016326.25 5734.2919921875 29255.603515625 62267.265625 41487.58984375 5329.81640625 2740.94262695312 2145.11840820312 1652.61645507812 1378.72766113281 1674.0556640625 2043.05383300781 1998.61730957031 1880.62158203125 2023.69592285156 1996.673828125 2090.64282226562 2492.79931640625
