MCO_data_requests/covino_4_2_2020/subwatershed_outputs/lex_flow_accumulation_utm_10m.asc
NCOLS 162 
NROWS 131 
XLLCORNER 419591.519902415 
YLLCORNER 4416017.22541033 
CELLSIZE 10 
NODATA_value -3.4e+38 
[rows 21 to 41 of 131, columns 47 to 93 of 162]
1019.18688964844 884.212768554688 872.550842285156 954.114135742188 1129.11340332031 1179.91784667969 969.577514648438 847.610961914062 697.328430175781 549.135620117188 848.928283691406 741.3154296875 832.9833984375 948.37939453125 841.98779296875 -3.4e+38 -3.4e+38 -3.4e+38 -3.4e+38 -3.4e+38 -3.4e+38 -3.4e+38 -3.4e+38 -3.4e+38 -3.4e+38 -3.4e+38 -3.4e+38 -3.4e+38 -3.4e+38 -3.4e+38 -3.4e+38 -3.4e+38 -3.4e+38 -3.4e+38 -3.4e+38 -3.4e+38 -3.4e+38 -3.4e+38 -3.4e+38 -3.4e+38 -3.4e+38 -3.4e+38 -3.4e+38 -3.4e+38 -3.4e+38 -3.4e+38 -3.4e+38
1112.23400878906 987.547180175781 961.050109863281 957.091735839844 1119.87719726562 1248.42321777344 1072.24291992188 865.956420898438 781.996154785156 775.041870117188 628.622619628906 910.787475585938 749.4208984375 841.354858398438 1024.16198730469 1016.55035400391 -3.4e+38 -3.4e+38 -3.4e+38 -3.4e+38 -3.4e+38 -3.4e+38 -3.4e+38 -3.4e+38 -3.4e+38 -3.4e+38 -3.4e+38 -3.4e+38 -3.4e+38 -3.4e+38 -3.4e+38 -3.4e+38 -3.4e+38 -3.4e+38 -3.4e+38 -3.4e+38 -3.4e+38 -3.4e+38 -3.4e+38 -3.4e+38 -3.4e+38 -3.4e+38 -3.4e+38 -3.4e+38 -3.4e+38 -3.4e+38 -3.4e+38
1219.28381347656 1105.12182617188 1079.30322265625 1020.35656738281 1114.17358398438 1146.77746582031 1121.14489746094 941.3447265625 927.279113769531 905.715454101562 781.151733398438 623.054809570312 1001.37579345703 822.300048828125 900.140258789062 1146.96215820312 1231.92309570312 -3.4e+38 -3.4e+38 -3.4e+38 -3.4e+38 -3.4e+38 -3.4e+38 -3.4e+38 -3.4e+38 -3.4e+38 -3.4e+38 -3.4e+38 -3.4e+38 -3.4e+38 -3.4e+38 -3.4e+38 -3.4e+38 -3.4e+38 -3.4e+38 -3.4e+38 -3.4e+38 -3.4e+38 -3.4e+38 -3.4e+38 -3.4e+38 -3.4e+38 -3.4e+38 -3.4e+38 -3.4e+38 -3.4e+38 -3.4e+38
1333.40881347656 1233.15844726562 1204.51428222656 1088.4482421875 1064.53137207031 1117.44860839844 1194.60266113281 1018.64874267578 1003.85284423828 1104.93920898438 873.926513671875 615.549438476562 691.032775878906 1037.44384765625 844.88232421875 917.328002929688 1113.283203125 1218.1533203125 -3.4e+38 -3.4e+38 -3.4e+38 -3.4e+38 -3.4e+38 -3.4e+38 -3.4e+38 -3.4e+38 -3.4e+38 -3.4e+38 -3.4e+38 -3.4e+38 -3.4e+38 -3.4e+38 -3.4e+38 -3.4e+38 -3.4e+38 -3.4e+38 -3.4e+38 -3.4e+38 -3.4e+38 -3.4e+38 -3.4e+38 -3.4e+38 -3.4e+38 -3.4e+38 -3.4e+38 -3.4e+38 -3.4e+38
1449.24487304688 1352.07958984375 1304.84545898438 1122.07104492188 1070.59875488281 1182.63269042969 1209.35632324219 1120.70422363281 1125.09582519531 1227.03918457031 998.187072753906 689.190795898438 610.369567871094 815.944213867188 1090.15832519531 804.537963867188 884.384521484375 1104.05871582031 1218.14514160156 -3.4e+38 -3.4e+38 -3.4e+38 -3.4e+38 -3.4e+38 -3.4e+38 -3.4e+38 -3.4e+38 -3.4e+38 -3.4e+38 -3.4e+38 -3.4e+38 -3.4e+38 -3.4e+38 -3.4e+38 -3.4e+38 -3.4e+38 -3.4e+38 -3.4e+38 -3.4e+38 -3.4e+38 -3.4e+38 -3.4e+38 -3.4e+38 -3.4e+38 -3.4e+38 -3.4e+38 -3.4e+38
1541.70056152344 1482.35766601562 1390.53784179688 1162.4404296875 1097.26672363281 1232.32482910156 1304.34899902344 1216.30310058594 1189.54248046875 1283.10180664062 1174.44653320312 829.845520019531 680.24853515625 726.517639160156 841.513427734375 1136.900390625 929.392333984375 960.947021484375 1125.06823730469 1260.01745605469 -3.4e+38 -3.4e+38 -3.4e+38 -3.4e+38 -3.4e+38 -3.4e+38 -3.4e+38 -3.4e+38 -3.4e+38 -3.4e+38 -3.4e+38 -3.4e+38 -3.4e+38 -3.4e+38 -3.4e+38 -3.4e+38 -3.4e+38 -3.4e+38 -3.4e+38 -3.4e+38 -3.4e+38 -3.4e+38 -3.4e+38 -3.4e+38 -3.4e+38 -3.4e+38 -3.4e+38
1638.13623046875 1594.09936523438 1510.33850097656 1160.3740234375 1120.24633789062 1324.720703125 1368.72277832031 1290.42309570312 1263.80114746094 1372.16638183594 1259.62829589844 1017.74957275391 831.770141601562 745.502014160156 732.119445800781 916.544982910156 1081.40649414062 930.033508300781 1027.49279785156 1157.4033203125 1219.72290039062 -3.4e+38 -3.4e+38 -3.4e+38 -3.4e+38 -3.4e+38 -3.4e+38 -3.4e+38 -3.4e+38 -3.4e+38 -3.4e+38 -3.4e+38 -3.4e+38 -3.4e+38 -3.4e+38 -3.4e+38 -3.4e+38 -3.4e+38 -3.4e+38 -3.4e+38 -3.4e+38 -3.4e+38 -3.4e+38 -3.4e+38 -3.4e+38 -3.4e+38 -3.4e+38
1712.51892089844 1760.65649414062 1622.00427246094 1221.83129882812 1105.89404296875 1382.23718261719 1460.55493164062 1343.39624023438 1379.79357910156 1461.93603515625 1355.451171875 1100.96728515625 990.920715332031 880.79052734375 743.643676757812 780.955200195312 960.089782714844 1048.25561523438 946.251586914062 1071.94836425781 1186.04577636719 1135.91979980469 1227.88330078125 -3.4e+38 -3.4e+38 -3.4e+38 -3.4e+38 -3.4e+38 -3.4e+38 -3.4e+38 -3.4e+38 -3.4e+38 -3.4e+38 -3.4e+38 -3.4e+38 -3.4e+38 -3.4e+38 -3.4e+38 -3.4e+38 -3.4e+38 -3.4e+38 -3.4e+38 -3.4e+38 -3.4e+38 -3.4e+38 -3.4e+38 -3.4e+38
1788.51318359375 1864.34631347656 1731.63208007812 1328.27453613281 1182.90441894531 1354.14184570312 1548.94946289062 1428.81286621094 1480.86535644531 1574.21533203125 1412.41430664062 1146.65686035156 1087.10522460938 1051.17944335938 836.285583496094 789.847229003906 851.329223632812 1034.30798339844 1094.26477050781 1057.17663574219 1114.93676757812 1175.91101074219 1141.03332519531 1168.84338378906 -3.4e+38 -3.4e+38 -3.4e+38 -3.4e+38 -3.4e+38 -3.4e+38 -3.4e+38 -3.4e+38 -3.4e+38 -3.4e+38 -3.4e+38 -3.4e+38 -3.4e+38 -3.4e+38 -3.4e+38 -3.4e+38 -3.4e+38 -3.4e+38 -3.4e+38 -3.4e+38 -3.4e+38 -3.4e+38 -3.4e+38
1861.67626953125 1952.06530761719 1842.47106933594 1404.88781738281 1266.34216308594 1422.12707519531 1592.09704589844 1508.61706542969 1548.16918945312 1691.6806640625 1481.1298828125 1191.47326660156 1142.08874511719 1144.58874511719 943.88134765625 914.245056152344 881.237426757812 922.700134277344 1064.18615722656 1009.6025390625 1083.14306640625 1174.435546875 1205.5078125 1198.15563964844 1209.62451171875 -3.4e+38 -3.4e+38 -3.4e+38 -3.4e+38 -3.4e+38 -3.4e+38 -3.4e+38 -3.4e+38 -3.4e+38 -3.4e+38 -3.4e+38 -3.4e+38 -3.4e+38 -3.4e+38 -3.4e+38 -3.4e+38 -3.4e+38 -3.4e+38 -3.4e+38 -3.4e+38 -3.4e+38 -3.4e+38
1904.67333984375 2036.79870605469 1987.80053710938 1476.55383300781 1290.31311035156 1533.38549804688 1632.00012207031 1572.69873046875 1659.73754882812 1783.58740234375 1616.00402832031 1223.60668945312 1030.24267578125 1162.66809082031 1138.83447265625 1026.30810546875 1021.70245361328 1055.96496582031 992.68115234375 1075.5 1065.55017089844 1152.63513183594 1268.2607421875 1339.51049804688 1321.7255859375 1276.31640625 -3.4e+38 -3.4e+38 -3.4e+38 -3.4e+38 -3.4e+38 -3.4e+38 -3.4e+38 -3.4e+38 -3.4e+38 -3.4e+38 -3.4e+38 -3.4e+38 -3.4e+38 -3.4e+38 -3.4e+38 -3.4e+38 -3.4e+38 -3.4e+38 -3.4e+38 -3.4e+38 -3.4e+38
1974.91918945312 2172.20629882812 2081.16650390625 1604.3232421875 1352.14099121094 1558.34240722656 1711.62744140625 1652.01049804688 1720.39868164062 1917.05554199219 1771.06726074219 1243.94384765625 936.837646484375 1102.25366210938 1201.45617675781 1238.74572753906 1193.96179199219 1166.50537109375 1063.87744140625 1051.41198730469 1146.88745117188 1158.890625 1260.02478027344 1374.06579589844 1434.80249023438 1428.86889648438 1353.54553222656 1233.10229492188 1202.12976074219 1349.9072265625 1488.15844726562 1464.43200683594 -3.4e+38 -3.4e+38 -3.4e+38 -3.4e+38 -3.4e+38 -3.4e+38 -3.4e+38 -3.4e+38 -3.4e+38 -3.4e+38 -3.4e+38 -3.4e+38 -3.4e+38 -3.4e+38 -3.4e+38
1952.62219238281 2270.50244140625 2188.5322265625 1650.14233398438 1467.39392089844 1636.68408203125 1742.33203125 1684.00549316406 1773.08923339844 2000.99279785156 1950.12536621094 1403.93603515625 1048.2568359375 994.246215820312 1068.25537109375 1227.41516113281 1377.78930664062 1220.38586425781 1178.62451171875 1151.44677734375 1133.92346191406 1231.287109375 1258.97241210938 1319.98962402344 1438.720703125 1505.85266113281 1440.87036132812 1289.48950195312 1180.74597167969 1192.06970214844 1347.86047363281 1497.9345703125 1511.29223632812 -3.4e+38 -3.4e+38 -3.4e+38 -3.4e+38 -3.4e+38 -3.4e+38 -3.4e+38 -3.4e+38 -3.4e+38 -3.4e+38 -3.4e+38 -3.4e+38 -3.4e+38 -3.4e+38
1952.83776855469 2360.5947265625 2193.64672851562 1662.84521484375 1525.01818847656 1643.64855957031 1829.48645019531 1822.97497558594 1893.04602050781 2126.73828125 2000.44665527344 1541.34948730469 1277.37902832031 1072.78369140625 903.885437011719 977.1083984375 1410.8623046875 1443.29638671875 1154.78137207031 1229.28894042969 1087.47973632812 1075.07849121094 1247.5478515625 1289.71691894531 1334.21044921875 1396.41467285156 1482.86560058594 1506.33898925781 1395.1962890625 1239.44445800781 1250.4130859375 1421.1064453125 1517.2265625 1535.72705078125 -3.4e+38 -3.4e+38 -3.4e+38 -3.4e+38 -3.4e+38 -3.4e+38 -3.4e+38 -3.4e+38 -3.4e+38 -3.4e+38 -3.4e+38 -3.4e+38 -3.4e+38
1986.35363769531 2441.6455078125 2215.58349609375 1661.83190917969 1619.49426269531 1795.69262695312 1921.18762207031 1932.24340820312 2026.62109375 2273.38745117188 2058.05395507812 1587.05908203125 1427.24243164062 1225.74548339844 905.232238769531 863.19287109375 1183.57629394531 1486.9267578125 1318.43896484375 1196.5087890625 1322.89501953125 1123.78881835938 1023.85809326172 1225.93530273438 1254.66772460938 1246.96081542969 1355.3544921875 1547.55151367188 1587.18920898438 1506.60913085938 1377.73754882812 1323.29260253906 1448.43139648438 1486.72436523438 1485.27197265625 -3.4e+38 -3.4e+38 -3.4e+38 -3.4e+38 -3.4e+38 -3.4e+38 -3.4e+38 -3.4e+38 -3.4e+38 -3.4e+38 -3.4e+38 -3.4e+38
2002.20849609375 2499.2275390625 2326.88037109375 1800.41430664062 1748.32458496094 1944.47741699219 2010.43334960938 2000.53601074219 2105.34375 2388.12231445312 2117.916015625 1634.03466796875 1474.96252441406 1322.1650390625 1027.75244140625 914.886596679688 1097.04223632812 1233.58642578125 1273.68432617188 1395.41918945312 1422.88024902344 1265.61193847656 1159.99182128906 1000.22747802734 1200.06860351562 1296.24353027344 1292.15893554688 1411.48974609375 1602.85888671875 1674.07604980469 1554.09106445312 1397.91491699219 1382.40124511719 1502.39782714844 1363.97741699219 1316.40893554688 -3.4e+38 -3.4e+38 -3.4e+38 -3.4e+38 -3.4e+38 -3.4e+38 -3.4e+38 -3.4e+38 -3.4e+38 -3.4e+38 -3.4e+38
2017.69873046875 2567.72875976562 2422.02954101562 1954.07385253906 1889.07849121094 2057.35595703125 2098.06616210938 2093.38623046875 2163.50512695312 2443.80444335938 2182.54809570312 1727.61767578125 1548.63415527344 1352.42895507812 1087.39929199219 1036.99621582031 1134.38696289062 1168.08984375 1093.2236328125 1337.47131347656 1593.04455566406 1432.130859375 1172.1533203125 1184.5478515625 1051.13842773438 1309.470703125 1468.828125 1440.44958496094 1542.91931152344 1609.43811035156 1658.39819335938 1595.99670410156 1518.86254882812 1420.033203125 1537.50695800781 1315.04858398438 2762.55517578125 -3.4e+38 -3.4e+38 -3.4e+38 -3.4e+38 -3.4e+38 -3.4e+38 -3.4e+38 -3.4e+38 -3.4e+38 -3.4e+38
2021.10180664062 2632.78491210938 2530.5048828125 2105.55981445312 2002.90832519531 2141.33032226562 2189.38623046875 2197.2255859375 2210.04418945312 2467.61962890625 2273.7978515625 1883.55212402344 1696.60571289062 1368.4228515625 1024.58349609375 1106.60791015625 1265.08361816406 1244.04467773438 1105.86010742188 1208.63525390625 1485.79675292969 1576.88659667969 1328.40173339844 1113.33813476562 1263.82641601562 1235.18249511719 1532.90246582031 1722.06286621094 1631.23400878906 1585.10717773438 1650.14172363281 1788.29760742188 1798.71716308594 1624.61450195312 1447.19152832031 1722.00695800781 4090.08325195312 171.547912597656 115.740905761719 100 -3.4e+38 -3.4e+38 -3.4e+38 -3.4e+38 -3.4e+38 -3.4e+38 -3.4e+38
1997.52734375 2675.60180664062 2631.24267578125 2265.02563476562 2133.32470703125 2219.75805664062 2266.39111328125 2284.90209960938 2286.39819335938 2483.5595703125 2337.18701171875 2074.361328125 1878.19848632812 1433.51293945312 1020.70886230469 1093.85266113281 1375.00463867188 1350.9873046875 1207.89904785156 1231.63269042969 1269.35778808594 1510.31433105469 1466.76196289062 1197.69226074219 1158.2900390625 1339.73767089844 1494.22680664062 1752.03051757812 1889.75549316406 1864.52661132812 1776.96704101562 1964.73046875 1989.4609375 1875.4375 1771.11267089844 2194.9794921875 5063.32470703125 163.273468017578 140.4228515625 115.614196777344 116.635955810547 186.008560180664 -3.4e+38 -3.4e+38 -3.4e+38 -3.4e+38 -3.4e+38
2013.38635253906 2722.74243164062 2710.56689453125 2392.06420898438 2273.28466796875 2315.28637695312 2317.60888671875 2361.328125 2418.09301757812 2509.27758789062 2387.60327148438 2233.80517578125 2033.40246582031 1581.5673828125 1109.77136230469 1087.61682128906 1415.17175292969 1460.54357910156 1329.59985351562 1285.35461425781 1176.41320800781 1281.84460449219 1408.85729980469 1385.46569824219 1166.60620117188 1247.07360839844 1410.12109375 1587.28784179688 1937.62438964844 2267.99584960938 2295.84741210938 2298.99340820312 2187.27490234375 2130.27685546875 2085.6435546875 2765.033203125 5879.400390625 306.455810546875 155.636383056641 198.53532409668 164.918304443359 174.058227539062 259.864379882812 -3.4e+38 -3.4e+38 -3.4e+38 -3.4e+38
2054.85009765625 2756.701171875 2747.28149414062 2464.74194335938 2412.20825195312 2422.171875 2382.93334960938 2442.17797851562 2554.71850585938 2587.31860351562 2454.88012695312 2352.6513671875 2173.7060546875 1759.12268066406 1229.00256347656 1119.52880859375 1451.74975585938 1521.21789550781 1432.55627441406 1307.85498046875 1174.12255859375 1117.20300292969 1185.07202148438 1428.42956542969 1324.2470703125 1196.39807128906 1288.18835449219 1495.16760253906 1841.96447753906 2364.71435546875 2815.0927734375 2771.169921875 2795.3017578125 2623.04809570312 2415.48779296875 3082.17944335938 5993.9375 1118.87097167969 280.361145019531 288.065368652344 243.756286621094 221.691421508789 214.501739501953 327.876373291016 313.850036621094 -3.4e+38 -3.4e+38
