MCO_data_requests/covino_4_2_2020/subwatershed_outputs/lex_dem_utm_10m.asc
NCOLS 162 
NROWS 131 
XLLCORNER 419591.519902415 
YLLCORNER 4416017.22541033 
CELLSIZE 10 
NODATA_value -3.4e+38 
[rows 42 to 62 of 131, columns 94 to 140 of 162]
-3.4e+38 -3.4e+38 -3.4e+38 -3.4e+38 -3.4e+38 -3.4e+38 -3.4e+38 -3.4e+38 -3.4e+38 -3.4e+38 -3.4e+38 -3.4e+38 -3.4e+38 -3.4e+38 -3.4e+38 -3.4e+38 -3.4e+38 -3.4e+38 -3.4e+38 -3.4e+38 -3.4e+38 -3.4e+38 -3.4e+38 -3.4e+38 -3.4e+38 -3.4e+38 -3.4e+38 -3.4e+38 -3.4e+38 -3.4e+38 -3.4e+38 -3.4e+38 -3.4e+38 -3.4e+38 -3.4e+38 -3.4e+38 -3.4e+38 -3.4e+38 -3.4e+38 -3.4e+38 -3.4e+38 -3.4e+38 -3.4e+38 -3.4e+38 -3.4e+38 -3.4e+38 -3.4e+38
-3.4e+38 -3.4e+38 -3.4e+38 -3.4e+38 -3.4e+38 -3.4e+38 -3.4e+38 -3.4e+38 -3.4e+38 -3.4e+38 -3.4e+38 -3.4e+38 -3.4e+38 -3.4e+38 -3.4e+38 -3.4e+38 -3.4e+38 -3.4e+38 -3.4e+38 -3.4e+38 -3.4e+38 -3.4e+38 -3.4e+38 -3.4e+38 -3.4e+38 -3.4e+38 -3.4e+38 -3.4e+38 -3.4e+38 -3.4e+38 -3.4e+38 -3.4e+38 -3.4e+38 -3.4e+38 -3.4e+38 -3.4e+38 -3.4e+38 -3.4e+38 -3.4e+38 -3.4e+38 -3.4e+38 -3.4e+38 -3.4e+38 -3.4e+38 -3.4e+38 -3.4e+38 -3.4e+38
3324.66577148438 3320.87158203125 3316.94311523438 3313.3134765625 -3.4e+38 -3.4e+38 -3.4e+38 -3.4e+38 -3.4e+38 -3.4e+38 -3.4e+38 -3.4e+38 -3.4e+38 -3.4e+38 -3.4e+38 -3.4e+38 -3.4e+38 -3.4e+38 -3.4e+38 -3.4e+38 -3.4e+38 -3.4e+38 -3.4e+38 -3.4e+38 -3.4e+38 -3.4e+38 -3.4e+38 -3.4e+38 -3.4e+38 -3.4e+38 -3.4e+38 -3.4e+38 -3.4e+38 -3.4e+38 -3.4e+38 -3.4e+38 -3.4e+38 -3.4e+38 -3.4e+38 -3.4e+38 -3.4e+38 -3.4e+38 -3.4e+38 -3.4e+38 -3.4e+38 -3.4e+38 -3.4e+38
3320.58374023438 3317.71704101562 3314.54296875 3311.11938476562 3308.5390625 3305.83178710938 -3.4e+38 -3.4e+38 -3.4e+38 -3.4e+38 -3.4e+38 -3.4e+38 -3.4e+38 -3.4e+38 -3.4e+38 -3.4e+38 -3.4e+38 -3.4e+38 -3.4e+38 -3.4e+38 -3.4e+38 -3.4e+38 -3.4e+38 -3.4e+38 -3.4e+38 -3.4e+38 -3.4e+38 -3.4e+38 -3.4e+38 -3.4e+38 -3.4e+38 -3.4e+38 -3.4e+38 -3.4e+38 -3.4e+38 -3.4e+38 -3.4e+38 -3.4e+38 -3.4e+38 -3.4e+38 -3.4e+38 -3.4e+38 -3.4e+38 -3.4e+38 -3.4e+38 -3.4e+38 -3.4e+38
3316.40942382812 3314.18725585938 3311.44091796875 3308.47631835938 3305.85473632812 3302.7021484375 3298.75268554688 3294.54223632812 -3.4e+38 -3.4e+38 -3.4e+38 -3.4e+38 -3.4e+38 -3.4e+38 -3.4e+38 -3.4e+38 -3.4e+38 -3.4e+38 -3.4e+38 -3.4e+38 -3.4e+38 -3.4e+38 -3.4e+38 -3.4e+38 -3.4e+38 -3.4e+38 -3.4e+38 -3.4e+38 -3.4e+38 -3.4e+38 -3.4e+38 -3.4e+38 -3.4e+38 -3.4e+38 -3.4e+38 -3.4e+38 -3.4e+38 -3.4e+38 -3.4e+38 -3.4e+38 -3.4e+38 -3.4e+38 -3.4e+38 -3.4e+38 -3.4e+38 -3.4e+38 -3.4e+38
3312.01245117188 3310.26293945312 3308.07202148438 3305.43115234375 3302.22705078125 3298.58349609375 3294.74047851562 3291.06518554688 3287.18115234375 -3.4e+38 -3.4e+38 -3.4e+38 -3.4e+38 -3.4e+38 -3.4e+38 -3.4e+38 -3.4e+38 -3.4e+38 -3.4e+38 -3.4e+38 -3.4e+38 -3.4e+38 -3.4e+38 -3.4e+38 -3.4e+38 -3.4e+38 -3.4e+38 -3.4e+38 -3.4e+38 -3.4e+38 -3.4e+38 -3.4e+38 -3.4e+38 -3.4e+38 -3.4e+38 -3.4e+38 -3.4e+38 -3.4e+38 -3.4e+38 -3.4e+38 -3.4e+38 -3.4e+38 -3.4e+38 -3.4e+38 -3.4e+38 -3.4e+38 -3.4e+38
3307.56787109375 3305.85009765625 3303.64404296875 3300.86962890625 3297.55590820312 3293.92651367188 3290.42114257812 3287.06372070312 3283.61303710938 3280.03442382812 3276.48950195312 -3.4e+38 -3.4e+38 -3.4e+38 -3.4e+38 -3.4e+38 -3.4e+38 -3.4e+38 -3.4e+38 -3.4e+38 -3.4e+38 -3.4e+38 -3.4e+38 -3.4e+38 -3.4e+38 -3.4e+38 -3.4e+38 -3.4e+38 -3.4e+38 -3.4e+38 -3.4e+38 -3.4e+38 -3.4e+38 -3.4e+38 -3.4e+38 -3.4e+38 -3.4e+38 -3.4e+38 -3.4e+38 -3.4e+38 -3.4e+38 -3.4e+38 -3.4e+38 -3.4e+38 -3.4e+38 -3.4e+38 -3.4e+38
3302.76123046875 3300.73852539062 3298.25 3295.541015625 3292.68383789062 3289.26977539062 3285.84301757812 3282.8349609375 3280.15258789062 3277.23217773438 3274.248046875 3271.46215820312 3268.314453125 3264.29541015625 -3.4e+38 -3.4e+38 -3.4e+38 -3.4e+38 -3.4e+38 -3.4e+38 -3.4e+38 -3.4e+38 -3.4e+38 -3.4e+38 -3.4e+38 -3.4e+38 -3.4e+38 -3.4e+38 -3.4e+38 -3.4e+38 -3.4e+38 -3.4e+38 -3.4e+38 -3.4e+38 -3.4e+38 -3.4e+38 -3.4e+38 -3.4e+38 -3.4e+38 -3.4e+38 -3.4e+38 -3.4e+38 -3.4e+38 -3.4e+38 -3.4e+38 -3.4e+38 -3.4e+38
3297.61352539062 3295.39526367188 3292.83813476562 3290.22875976562 3287.54248046875 3284.36596679688 3281.32177734375 3278.94873046875 3276.859375 3274.38745117188 3271.64331054688 3268.99829101562 3265.72021484375 3261.49438476562 3257.80346679688 -3.4e+38 -3.4e+38 -3.4e+38 -3.4e+38 -3.4e+38 -3.4e+38 -3.4e+38 -3.4e+38 -3.4e+38 -3.4e+38 -3.4e+38 -3.4e+38 -3.4e+38 -3.4e+38 -3.4e+38 -3.4e+38 -3.4e+38 -3.4e+38 -3.4e+38 -3.4e+38 -3.4e+38 -3.4e+38 -3.4e+38 -3.4e+38 -3.4e+38 -3.4e+38 -3.4e+38 -3.4e+38 -3.4e+38 -3.4e+38 -3.4e+38 -3.4e+38
3292.24145507812 3290.05786132812 3287.546875 3285.11254882812 3282.64453125 3279.9453125 3277.41064453125 3275.36889648438 3273.62353515625 3271.439453125 3268.5830078125 3265.56591796875 3262.2158203125 3258.447265625 3255.55200195312 3253.75170898438 3252.10595703125 3250.20678710938 -3.4e+38 -3.4e+38 -3.4e+38 -3.4e+38 -3.4e+38 -3.4e+38 -3.4e+38 -3.4e+38 -3.4e+38 -3.4e+38 -3.4e+38 -3.4e+38 -3.4e+38 -3.4e+38 -3.4e+38 -3.4e+38 -3.4e+38 -3.4e+38 -3.4e+38 -3.4e+38 -3.4e+38 -3.4e+38 -3.4e+38 -3.4e+38 -3.4e+38 -3.4e+38 -3.4e+38 -3.4e+38 -3.4e+38
3286.36743164062 3284.40405273438 3282.17626953125 3280.15869140625 3278.15405273438 3275.88916015625 3273.68676757812 3271.8515625 3270.12451171875 3267.72924804688 3264.51196289062 3261.36694335938 3258.52661132812 3255.83813476562 3253.63549804688 3252.00830078125 3250.486328125 3248.79858398438 3247.09716796875 3245.45849609375 3243.4462890625 3241.00146484375 -3.4e+38 -3.4e+38 -3.4e+38 -3.4e+38 -3.4e+38 -3.4e+38 -3.4e+38 -3.4e+38 -3.4e+38 -3.4e+38 -3.4e+38 -3.4e+38 -3.4e+38 -3.4e+38 -3.4e+38 -3.4e+38 -3.4e+38 -3.4e+38 -3.4e+38 -3.4e+38 -3.4e+38 -3.4e+38 -3.4e+38 -3.4e+38 -3.4e+38
3280.37084960938 3278.751953125 3276.86181640625 3275.27368164062 3273.791015625 3271.84521484375 3269.70727539062 3267.65161132812 3265.54956054688 3262.70190429688 3259.490234375 3257.12963867188 3255.33349609375 3253.4921875 3251.71411132812 3250.17138671875 3248.75805664062 3247.2353515625 3245.60522460938 3243.890625 3241.71313476562 3239.17919921875 3236.67724609375 3234.37719726562 3231.94653320312 3229.04858398438 3225.58178710938 3222.01416015625 3218.36791992188 3214.90502929688 3211.90014648438 3209.24609375 3206.99096679688 3205.77514648438 3205.21850585938 3204.32177734375 3203.43725585938 -3.4e+38 -3.4e+38 -3.4e+38 -3.4e+38 -3.4e+38 -3.4e+38 -3.4e+38 -3.4e+38 -3.4e+38 -3.4e+38
3273.61254882812 3272.71997070312 3271.4345703125 3270.37426757812 3269.11840820312 3267.14819335938 3264.88403320312 3262.68432617188 3260.30883789062 3257.66357421875 3255.4931640625 3253.97534179688 3252.68408203125 3251.22314453125 3249.71606445312 3248.30053710938 3246.92749023438 3245.41650390625 3243.70361328125 3241.80908203125 3239.56958007812 3237.041015625 3234.56103515625 3232.22094726562 3229.49584960938 3226.36279296875 3223.00659179688 3219.51831054688 3215.77661132812 3212.21533203125 3209.31372070312 3206.87866210938 3204.83374023438 3203.57275390625 3203.00659179688 3202.37841796875 3202.10131835938 3202.37719726562 3202.98754882812 3203.84057617188 -3.4e+38 -3.4e+38 -3.4e+38 -3.4e+38 -3.4e+38 -3.4e+38 -3.4e+38
3265.14331054688 3264.67309570312 3263.86108398438 3263.15283203125 3262.3916015625 3261.14916992188 3259.40258789062 3257.63134765625 3255.90234375 3254.07690429688 3252.65942382812 3251.48046875 3250.32397460938 3249.0849609375 3247.72290039062 3246.37182617188 3244.88916015625 3243.17041015625 3241.31420898438 3239.349609375 3237.13623046875 3234.70092773438 3232.20239257812 3229.6533203125 3226.68432617188 3223.54296875 3220.32006835938 3216.78271484375 3212.84301757812 3209.30004882812 3206.5703125 3204.18579101562 3201.89428710938 3200.27172851562 3199.6865234375 3199.73876953125 3200.43725585938 3201.3935546875 3202.42651367188 3203.52172851562 3204.61376953125 3205.935546875 3207.33349609375 -3.4e+38 -3.4e+38 -3.4e+38 -3.4e+38
3256.95385742188 3256.15185546875 3255.77709960938 3255.63305664062 3255.52734375 3255.24243164062 3254.45947265625 3253.4052734375 3252.3759765625 3251.201171875 3250.064453125 3249.11279296875 3248.16186523438 3246.98901367188 3245.63208007812 3244.18310546875 3242.49951171875 3240.607421875 3238.68017578125 3236.72485351562 3234.52294921875 3232.09765625 3229.48706054688 3226.75854492188 3223.64477539062 3220.42749023438 3217.24072265625 3213.69970703125 3209.7705078125 3206.38256835938 3203.73876953125 3201.11303710938 3198.43212890625 3196.75366210938 3196.62963867188 3197.4873046875 3198.85131835938 3200.22094726562 3201.58642578125 3202.93139648438 3204.22265625 3205.607421875 3207.04150390625 3208.59497070312 3210.01342773438 -3.4e+38 -3.4e+38
3251.771484375 3249.64135742188 3249.431640625 3249.69897460938 3249.9609375 3250.09375 3249.94311523438 3249.57348632812 3249.08374023438 3248.36059570312 3247.56567382812 3246.8095703125 3245.93041992188 3244.712890625 3243.21533203125 3241.60668945312 3239.81884765625 3237.90551757812 3235.98022460938 3234.01586914062 3231.71704101562 3229.119140625 3226.408203125 3223.62060546875 3220.36694335938 3216.90649414062 3213.64282226562 3210.27001953125 3206.63208007812 3203.40893554688 3200.7802734375 3198.17407226562 3195.73413085938 3194.49096679688 3194.7197265625 3195.94116210938 3197.55249023438 3199.03125 3200.52685546875 3202.04614257812 3203.4736328125 3204.89868164062 3206.41577148438 3207.98095703125 3209.44848632812 3210.85473632812 3212.35595703125
3248.0029296875 3244.71264648438 3244.02661132812 3244.3408203125 3244.80395507812 3245.287109375 3245.65185546875 3245.80590820312 3245.72875976562 3245.34155273438 3244.84790039062 3244.17236328125 3243.18798828125 3241.90893554688 3240.34448242188 3238.69921875 3236.93139648438 3235.07177734375 3233.1865234375 3231.18359375 3228.69360351562 3225.89697265625 3223.12353515625 3220.25732421875 3216.81958007812 3213.11987304688 3209.8955078125 3206.787109375 3203.42016601562 3200.314453125 3197.74975585938 3195.35864257812 3193.44799804688 3192.73583984375 3193.1357421875 3194.4169921875 3196.23095703125 3197.83715820312 3199.25512695312 3200.79077148438 3202.33911132812 3203.89379882812 3205.4345703125 3207.03125 3208.63793945312 3210.13232421875 3211.67822265625
3245.18383789062 3240.8916015625 3238.48364257812 3238.21533203125 3238.94213867188 3239.91186523438 3240.80004882812 3241.38525390625 3241.62231445312 3241.57836914062 3241.39135742188 3240.84350585938 3239.916015625 3238.6884765625 3237.19311523438 3235.60107421875 3233.86743164062 3232.0302734375 3230.1318359375 3228.0625 3225.49536132812 3222.6328125 3219.73608398438 3216.65356445312 3212.98266601562 3209.27954101562 3206.26611328125 3203.39990234375 3200.20703125 3197.203125 3194.76171875 3192.63623046875 3190.84936523438 3190.09448242188 3190.75073242188 3192.45166015625 3194.646484375 3196.47338867188 3197.95458984375 3199.53076171875 3201.1982421875 3202.80346679688 3204.26635742188 3205.8408203125 3207.47631835938 3208.97216796875 3210.58740234375
3242.96801757812 3237.7177734375 3233.56274414062 3232.20190429688 3232.79418945312 3233.98291015625 3235.13427734375 3236.02905273438 3236.67407226562 3237.140625 3237.33618164062 3237.091796875 3236.50659179688 3235.505859375 3234.05200195312 3232.47290039062 3230.73168945312 3228.79370117188 3226.79711914062 3224.7119140625 3222.14575195312 3219.18701171875 3216.09008789062 3212.79614257812 3209.10668945312 3205.6591796875 3202.84594726562 3200.0361328125 3196.97241210938 3194.14404296875 3191.80200195312 3189.61157226562 3187.52270507812 3186.61059570312 3187.70239257812 3190.01123046875 3192.63403320312 3194.86303710938 3196.6474609375 3198.30053710938 3199.97534179688 3201.53369140625 3202.9462890625 3204.52783203125 3206.17529296875 3207.6572265625 3209.1455078125
3240.5556640625 3234.7509765625 3229.63305664062 3227.1259765625 3227.23266601562 3228.4873046875 3229.77880859375 3230.82202148438 3231.77612304688 3232.69799804688 3233.28369140625 3233.3388671875 3233.0185546875 3232.2490234375 3230.86572265625 3229.31616210938 3227.55419921875 3225.55078125 3223.48608398438 3221.25463867188 3218.49096679688 3215.34301757812 3212.18115234375 3208.93969726562 3205.45849609375 3202.25268554688 3199.49633789062 3196.74853515625 3193.85498046875 3191.15625 3188.77978515625 3186.39965820312 3184.30004882812 3183.59521484375 3184.845703125 3187.42797851562 3190.27856445312 3192.81298828125 3195.04174804688 3197.01611328125 3198.66381835938 3200.0673828125 3201.40747070312 3202.9912109375 3204.642578125 3205.99487304688 3207.244140625
3237.814453125 3231.619140625 3225.44018554688 3222.15625 3222.18334960938 3223.6015625 3224.998046875 3226.1572265625 3227.30493164062 3228.4716796875 3229.29028320312 3229.45678710938 3229.17895507812 3228.53564453125 3227.37158203125 3226.00927734375 3224.36767578125 3222.34326171875 3220.09643554688 3217.576171875 3214.49169921875 3211.24389648438 3208.29541015625 3205.31396484375 3202.02783203125 3198.890625 3196.21630859375 3193.61499023438 3190.86572265625 3188.24340820312 3185.84643554688 3183.53051757812 3181.828125 3181.4296875 3182.49633789062 3184.83374023438 3187.68090820312 3190.39672851562 3192.96411132812 3195.38012695312 3197.1591796875 3198.4375 3199.70947265625 3201.19360351562 3202.70068359375 3203.93969726562 3205.1572265625
