NAME	= dem_10m_UTM [no sinks]
DESCRIPTION	= 
UNIT	= 
DATAFORMAT	= FLOAT
DATAFILE_OFFSET	= 0
BYTEORDER_BIG	= FALSE
TOPTOBOTTOM	= FALSE
POSITION_XMIN	= 417346.5199024150
POSITION_YMIN	= 4405332.2254103301
CELLCOUNT_X	= 968
CELLCOUNT_Y	= 1411
CELLSIZE	= 10.0000000000
Z_FACTOR	= 1.000000
Z_OFFSET	= 0.000000
NODATA_VALUE	= -99999.000000
